id_commune;code_region;population_municipale;population_comptee_a_part;population_total
01001;84;779;19;798
01002;84;256;1;257
01004;84;14134;380;14514
01005;84;1751;25;1776
01006;84;112;6;118
01007;84;2800;115;2915
01008;84;762;15;777
01009;84;326;9;335
01010;84;1105;17;1122
01011;84;368;11;379
01012;84;329;4;333
01013;84;143;4;147
01014;84;3349;93;3442
01015;84;650;17;667
01016;84;460;9;469
01017;84;457;16;473
01019;84;27;4;31
01021;84;1457;28;1485
01022;84;1249;18;1267
01023;84;76;0;76
01024;84;3251;65;3316
01025;84;4065;106;4171
01026;84;973;68;1041
01027;84;2563;52;2615
01028;84;617;17;634
01029;84;685;8;693
01030;84;829;15;844
01031;84;3652;234;3886
01032;84;3376;29;3405
01033;84;16378;350;16728
01034;84;9182;400;9582
01035;84;310;8;318
01036;84;1326;19;1345
01037;84;308;4;312
01038;84;754;21;775
01039;84;443;8;451
01040;84;486;10;496
01041;84;748;21;769
01042;84;291;14;305
01043;84;4754;113;4867
01044;84;632;16;648
01045;84;283;4;287
01046;84;895;8;903
01047;84;1182;32;1214
01049;84;3283;73;3356
01050;84;365;4;369
01051;84;91;1;92
01052;84;328;6;334
01053;84;41111;1742;42853
01054;84;1457;32;1489
01056;84;349;5;354
01057;84;519;16;535
01058;84;828;21;849
01060;84;493;21;514
01061;84;1144;35;1179
01062;84;934;22;956
01063;84;533;7;540
01064;84;1070;20;1090
01065;84;1812;64;1876
01066;84;89;1;90
01067;84;255;13;268
01068;84;775;15;790
01069;84;1503;39;1542
01071;84;4808;117;4925
01072;84;3194;62;3256
01073;84;1000;25;1025
01074;84;2589;35;2624
01075;84;1382;31;1413
01076;84;125;3;128
01077;84;196;3;199
01078;84;1557;33;1590
01079;84;811;31;842
01080;84;643;14;657
01081;84;735;21;756
01082;84;628;14;642
01083;84;927;17;944
01084;84;895;18;913
01085;84;400;5;405
01087;84;282;10;292
01088;84;903;27;930
01089;84;2253;50;2303
01090;84;356;6;362
01092;84;1604;58;1662
01093;84;4931;203;5134
01094;84;761;12;773
01095;84;853;12;865
01096;84;1034;30;1064
01098;84;1159;36;1195
01099;84;1566;57;1623
01100;84;131;4;135
01101;84;152;7;159
01102;84;961;15;976
01103;84;2149;47;2196
01104;84;461;10;471
01105;84;1829;53;1882
01106;84;179;7;186
01107;84;133;4;137
01108;84;1176;24;1200
01109;84;2226;46;2272
01110;84;156;2;158
01111;84;132;1;133
01112;84;450;12;462
01113;84;817;12;829
01114;84;667;12;679
01115;84;1333;30;1363
01116;84;498;12;510
01117;84;151;2;153
01118;84;1278;32;1310
01121;84;116;1;117
01123;84;1162;35;1197
01124;84;689;8;697
01125;84;612;13;625
01127;84;508;8;516
01128;84;305;1;306
01129;84;291;6;297
01130;84;2363;44;2407
01133;84;394;6;400
01134;84;1758;45;1803
01135;84;2171;64;2235
01136;84;893;20;913
01138;84;3004;64;3068
01139;84;444;5;449
01140;84;767;19;786
01141;84;453;15;468
01142;84;4777;57;4834
01143;84;9951;239;10190
01145;84;1179;22;1201
01146;84;436;3;439
01147;84;492;3;495
01148;84;1879;46;1925
01149;84;1076;28;1104
01150;84;214;5;219
01151;84;1146;27;1173
01152;84;748;20;768
01153;84;2115;74;2189
01155;84;143;4;147
01156;84;815;12;827
01157;84;2250;42;2292
01158;84;1048;17;1065
01159;84;3365;71;3436
01160;84;10026;163;10189
01162;84;65;3;68
01163;84;2038;35;2073
01165;84;1594;33;1627
01166;84;2423;61;2484
01167;84;634;24;658
01169;84;641;22;663
01170;84;1053;28;1081
01171;84;844;42;886
01173;84;13121;270;13391
01174;84;178;2;180
01175;84;784;23;807
01177;84;183;6;189
01179;84;1881;52;1933
01180;84;839;21;860
01181;84;1241;50;1291
01183;84;1479;29;1508
01184;84;763;26;789
01185;84;4844;176;5020
01187;84;618;21;639
01188;84;663;20;683
01189;84;1115;26;1141
01190;84;87;3;90
01191;84;154;4;158
01192;84;2277;61;2338
01193;84;222;7;229
01194;84;6346;93;6439
01195;84;1783;54;1837
01196;84;1226;13;1239
01197;84;351;13;364
01198;84;268;3;271
01199;84;2137;46;2183
01200;84;214;5;219
01202;84;7161;147;7308
01203;84;1313;42;1355
01204;84;735;15;750
01206;84;277;6;283
01207;84;317;12;329
01208;84;131;4;135
01209;84;778;16;794
01210;84;228;4;232
01211;84;1395;35;1430
01212;84;718;9;727
01213;84;1341;29;1370
01214;84;158;6;164
01215;84;140;3;143
01216;84;894;21;915
01219;84;164;3;167
01224;84;3225;31;3256
01225;84;372;8;380
01227;84;643;14;657
01228;84;660;14;674
01229;84;1235;24;1259
01230;84;312;7;319
01231;84;1948;48;1996
01232;84;2276;47;2323
01233;84;130;3;133
01234;84;169;3;172
01235;84;1159;87;1246
01236;84;1011;29;1040
01237;84;1667;65;1732
01238;84;2670;56;2726
01239;84;620;14;634
01240;84;627;16;643
01241;84;1356;34;1390
01242;84;135;2;137
01243;84;1253;35;1288
01244;84;7923;139;8062
01245;84;943;21;964
01246;84;2217;36;2253
01247;84;312;14;326
01248;84;2197;54;2251
01249;84;10122;151;10273
01250;84;1974;252;2226
01252;84;786;22;808
01254;84;2116;51;2167
01255;84;647;12;659
01257;84;351;10;361
01258;84;1190;32;1222
01259;84;702;16;718
01260;84;302;5;307
01261;84;668;23;691
01262;84;6886;83;6969
01263;84;3772;87;3859
01264;84;1016;20;1036
01265;84;3456;71;3527
01266;84;2576;42;2618
01267;84;1025;23;1048
01268;84;246;3;249
01269;84;3454;135;3589
01272;84;1500;20;1520
01273;84;1800;27;1827
01274;84;645;15;660
01275;84;2569;50;2619
01276;84;1624;27;1651
01277;84;117;2;119
01279;84;80;6;86
01280;84;138;1;139
01281;84;4483;170;4653
01282;84;258;6;264
01283;84;22456;479;22935
01284;84;694;13;707
01285;84;1229;30;1259
01286;84;951;38;989
01288;84;2717;55;2772
01289;84;6520;291;6811
01290;84;1273;32;1305
01291;84;842;7;849
01293;84;148;4;152
01294;84;886;16;902
01295;84;686;13;699
01296;84;420;8;428
01297;84;867;15;882
01298;84;150;2;152
01299;84;584;8;592
01301;84;2547;61;2608
01302;84;163;5;168
01303;84;1699;36;1735
01304;84;2924;53;2977
01305;84;2213;43;2256
01306;84;1641;64;1705
01307;84;836;21;857
01308;84;807;14;821
01309;84;85;0;85
01310;84;251;4;255
01311;84;44;0;44
01313;84;8711;239;8950
01314;84;1729;33;1762
01317;84;330;6;336
01318;84;726;17;743
01319;84;466;9;475
01320;84;3791;91;3882
01321;84;888;29;917
01322;84;4984;140;5124
01323;84;989;14;1003
01325;84;1032;18;1050
01328;84;597;4;601
01329;84;153;6;159
01330;84;182;6;188
01331;84;187;0;187
01332;84;779;23;802
01333;84;3369;59;3428
01334;84;658;9;667
01335;84;402;6;408
01336;84;1174;22;1196
01337;84;1311;27;1338
01338;84;1227;37;1264
01339;84;1463;43;1506
01342;84;554;11;565
01343;84;1793;41;1834
01344;84;5943;166;6109
01345;84;2266;34;2300
01346;84;858;19;877
01347;84;2035;63;2098
01348;84;2938;65;3003
01349;84;503;5;508
01350;84;2542;40;2582
01351;84;1571;26;1597
01352;84;583;6;589
01353;84;1700;28;1728
01354;84;13943;200;14143
01355;84;486;7;493
01356;84;208;5;213
01357;84;502;7;509
01358;84;429;3;432
01359;84;246;3;249
01360;84;1895;48;1943
01361;84;1577;48;1625
01362;84;786;15;801
01363;84;1772;70;1842
01364;84;756;7;763
01365;84;1162;20;1182
01366;84;1082;18;1100
01367;84;746;4;750
01368;84;838;15;853
01369;84;942;25;967
01370;84;1688;28;1716
01371;84;1242;29;1271
01372;84;444;5;449
01373;84;1023;30;1053
01374;84;1871;45;1916
01375;84;782;20;802
01376;84;3962;39;4001
01378;84;2645;54;2699
01379;84;760;11;771
01380;84;632;13;645
01381;84;921;18;939
01382;84;279;2;281
01383;84;1562;21;1583
01384;84;2188;33;2221
01385;84;985;23;1008
01386;84;1127;66;1193
01387;84;256;3;259
01388;84;1102;9;1111
01389;84;1834;43;1877
01390;84;1246;21;1267
01391;84;271;8;279
01392;84;656;27;683
01393;84;544;5;549
01396;84;977;13;990
01397;84;978;19;997
01398;84;1421;17;1438
01399;84;2107;51;2158
01400;84;139;3;142
01401;84;2167;71;2238
01402;84;652;20;672
01403;84;1295;41;1336
01404;84;135;2;137
01405;84;1280;29;1309
01406;84;174;1;175
01407;84;1002;18;1020
01408;84;661;12;673
01410;84;300;7;307
01411;84;273;6;279
01412;84;595;12;607
01415;84;499;6;505
01416;84;1014;11;1025
01418;84;1087;27;1114
01419;84;6021;176;6197
01420;84;1690;8;1698
01421;84;729;16;745
01422;84;1355;36;1391
01423;84;1124;21;1145
01424;84;1776;43;1819
01425;84;288;7;295
01426;84;2538;59;2597
01427;84;6920;164;7084
01428;84;126;1;127
01429;84;707;13;720
01430;84;619;12;631
01431;84;1227;30;1257
01432;84;323;2;325
01433;84;313;4;317
01434;84;472;10;482
01435;84;2157;69;2226
01436;84;481;11;492
01437;84;223;5;228
01439;84;99;4;103
01441;84;734;18;752
01443;84;4978;95;5073
01444;84;1196;17;1213
01445;84;615;21;636
01446;84;1548;37;1585
01447;84;1342;32;1374
01448;84;389;8;397
01449;84;759;14;773
01450;84;3717;67;3784
01451;84;6595;150;6745
01452;84;1132;24;1156
01453;84;710;23;733
01454;84;1112;21;1133
01456;84;71;2;73
01457;84;3181;59;3240
02001;32;502;11;513
02002;32;610;8;618
02003;32;1021;24;1045
02004;32;182;5;187
02005;32;380;8;388
02006;32;262;9;271
02007;32;122;1;123
02008;32;294;4;298
02009;32;534;6;540
02010;32;173;4;177
02011;32;1138;54;1192
02012;32;71;0;71
02013;32;386;9;395
02014;32;729;23;752
02015;32;72;1;73
02016;32;216;9;225
02017;32;323;4;327
02018;32;2574;53;2627
02019;32;362;5;367
02020;32;455;8;463
02021;32;84;3;87
02022;32;403;6;409
02023;32;102;3;105
02024;32;51;0;51
02025;32;367;2;369
02027;32;214;7;221
02028;32;2606;60;2666
02029;32;354;12;366
02030;32;257;4;261
02031;32;661;6;667
02032;32;253;4;257
02033;32;104;2;106
02034;32;121;4;125
02035;32;280;9;289
02036;32;72;1;73
02037;32;1386;30;1416
02038;32;59;0;59
02039;32;173;3;176
02040;32;180;3;183
02041;32;807;15;822
02042;32;384;2;386
02043;32;65;1;66
02044;32;25;0;25
02046;32;557;9;566
02047;32;108;5;113
02048;32;133;4;137
02049;32;739;13;752
02050;32;323;2;325
02051;32;391;6;397
02052;32;135;6;141
02053;32;571;6;577
02054;32;461;4;465
02055;32;88;2;90
02056;32;179;1;180
02057;32;1406;18;1424
02058;32;856;10;866
02059;32;2714;28;2742
02060;32;257;7;264
02061;32;246;7;253
02062;32;137;4;141
02063;32;378;8;386
02064;32;3832;53;3885
02065;32;600;13;613
02066;32;196;2;198
02067;32;210;5;215
02068;32;88;4;92
02069;32;105;2;107
02070;32;445;12;457
02071;32;658;15;673
02072;32;186;2;188
02073;32;670;4;674
02074;32;593;10;603
02075;32;195;2;197
02076;32;152;3;155
02077;32;379;9;388
02078;32;163;3;166
02079;32;149;0;149
02080;32;333;9;342
02081;32;434;8;442
02082;32;110;0;110
02083;32;750;15;765
02084;32;257;5;262
02085;32;1015;25;1040
02086;32;1006;11;1017
02087;32;34;1;35
02088;32;92;3;95
02089;32;1148;21;1169
02090;32;207;10;217
02091;32;95;1;96
02093;32;1298;59;1357
02094;32;464;9;473
02095;32;5686;78;5764
02096;32;197;3;200
02097;32;256;2;258
02098;32;379;14;393
02099;32;221;5;226
02100;32;138;0;138
02101;32;192;5;197
02102;32;191;6;197
02103;32;1339;16;1355
02104;32;99;4;103
02105;32;196;2;198
02106;32;810;12;822
02107;32;107;4;111
02108;32;159;4;163
02109;32;475;10;485
02110;32;2235;25;2260
02111;32;721;11;732
02112;32;553;13;566
02114;32;1563;37;1600
02115;32;190;6;196
02116;32;147;1;148
02117;32;68;0;68
02118;32;129;2;131
02119;32;327;6;333
02120;32;196;6;202
02121;32;240;4;244
02122;32;54;1;55
02123;32;301;5;306
02124;32;651;10;661
02125;32;193;11;204
02126;32;455;5;460
02127;32;192;5;197
02128;32;1475;47;1522
02129;32;18;0;18
02130;32;194;7;201
02131;32;1861;42;1903
02132;32;194;3;197
02133;32;404;9;413
02134;32;862;18;880
02135;32;1157;17;1174
02136;32;128;3;131
02137;32;160;0;160
02138;32;200;3;203
02139;32;442;5;447
02140;32;456;7;463
02141;32;1778;79;1857
02142;32;253;5;258
02143;32;185;6;191
02144;32;144;3;147
02145;32;545;10;555
02146;32;94;1;95
02148;32;255;2;257
02149;32;62;2;64
02150;32;63;0;63
02151;32;116;3;119
02152;32;89;0;89
02153;32;764;20;784
02154;32;365;7;372
02155;32;166;5;171
02156;32;257;1;258
02157;32;836;23;859
02158;32;273;2;275
02159;32;295;2;297
02160;32;544;12;556
02162;32;291;8;299
02163;32;2585;42;2627
02164;32;325;7;332
02165;32;1654;26;1680
02166;32;356;9;365
02167;32;890;14;904
02168;32;15254;362;15616
02169;32;84;0;84
02170;32;125;0;125
02171;32;88;1;89
02172;32;252;9;261
02173;32;11653;419;12072
02174;32;829;16;845
02175;32;161;4;165
02176;32;206;3;209
02177;32;139;2;141
02178;32;106;2;108
02179;32;385;8;393
02180;32;721;14;735
02181;32;79;1;80
02182;32;117;3;120
02183;32;185;1;186
02184;32;351;5;356
02185;32;390;15;405
02186;32;1351;45;1396
02187;32;1134;15;1149
02188;32;147;4;151
02189;32;350;8;358
02190;32;518;12;530
02191;32;523;5;528
02192;32;371;7;378
02193;32;65;1;66
02194;32;186;8;194
02195;32;910;25;935
02196;32;311;7;318
02197;32;535;102;637
02198;32;228;2;230
02199;32;601;8;609
02200;32;106;1;107
02201;32;441;6;447
02203;32;1282;20;1302
02204;32;65;2;67
02205;32;229;3;232
02206;32;76;3;79
02207;32;216;3;219
02208;32;267;6;273
02209;32;708;11;719
02210;32;364;6;370
02211;32;294;3;297
02212;32;708;11;719
02213;32;343;2;345
02214;32;61;1;62
02215;32;841;6;847
02216;32;294;4;298
02217;32;992;9;1001
02218;32;628;12;640
02219;32;200;72;272
02220;32;436;15;451
02221;32;152;4;156
02222;32;32;0;32
02223;32;301;12;313
02224;32;346;4;350
02225;32;84;2;86
02226;32;1863;30;1893
02227;32;120;1;121
02228;32;339;6;345
02229;32;71;0;71
02230;32;186;6;192
02231;32;941;9;950
02232;32;362;10;372
02233;32;145;8;153
02234;32;83;1;84
02235;32;115;3;118
02236;32;330;3;333
02237;32;1502;16;1518
02238;32;1816;31;1847
02239;32;1244;85;1329
02240;32;218;3;221
02241;32;96;3;99
02242;32;641;11;652
02243;32;2923;47;2970
02244;32;63;3;66
02245;32;1805;35;1840
02246;32;611;4;615
02248;32;156;3;159
02249;32;100;0;100
02250;32;73;4;77
02251;32;27;1;28
02252;32;71;2;73
02253;32;358;3;361
02254;32;129;5;134
02255;32;153;2;155
02256;32;129;3;132
02257;32;437;13;450
02258;32;370;13;383
02259;32;392;15;407
02260;32;650;11;661
02261;32;391;9;400
02262;32;211;3;214
02263;32;112;0;112
02264;32;730;16;746
02265;32;99;2;101
02266;32;46;2;48
02267;32;292;10;302
02268;32;647;13;660
02269;32;155;6;161
02270;32;164;3;167
02271;32;130;2;132
02272;32;78;2;80
02273;32;207;0;207
02274;32;195;6;201
02275;32;319;6;325
02276;32;117;5;122
02277;32;342;7;349
02278;32;28;5;33
02279;32;553;25;578
02280;32;409;12;421
02281;32;256;11;267
02282;32;427;8;435
02283;32;287;8;295
02284;32;102;1;103
02286;32;867;11;878
02287;32;1048;27;1075
02288;32;347;8;355
02289;32;411;11;422
02290;32;2745;73;2818
02291;32;410;8;418
02292;32;1305;28;1333
02293;32;553;10;563
02294;32;207;8;215
02295;32;853;7;860
02296;32;1197;21;1218
02297;32;121;2;123
02298;32;1420;9;1429
02299;32;546;6;552
02302;32;321;12;333
02303;32;680;16;696
02304;32;2838;135;2973
02305;32;3001;55;3056
02306;32;510;9;519
02307;32;2060;159;2219
02308;32;476;8;484
02309;32;671;5;676
02310;32;248;7;255
02311;32;120;2;122
02312;32;1100;10;1110
02313;32;444;5;449
02315;32;1669;34;1703
02316;32;128;5;133
02317;32;218;4;222
02318;32;1381;18;1399
02319;32;490;8;498
02320;32;237;4;241
02321;32;901;189;1090
02322;32;386;3;389
02323;32;134;3;137
02324;32;281;3;284
02326;32;470;8;478
02327;32;163;1;164
02328;32;513;6;519
02329;32;425;9;434
02330;32;530;7;537
02331;32;110;3;113
02332;32;265;4;269
02333;32;164;0;164
02334;32;2958;70;3028
02335;32;183;8;191
02336;32;983;15;998
02337;32;168;4;172
02338;32;252;10;262
02339;32;690;9;699
02340;32;5235;74;5309
02341;32;268;1;269
02342;32;134;2;136
02343;32;81;0;81
02345;32;41;1;42
02346;32;664;12;676
02347;32;444;6;450
02349;32;56;0;56
02350;32;136;2;138
02351;32;113;6;119
02352;32;560;10;570
02353;32;287;10;297
02354;32;80;2;82
02355;32;953;26;979
02356;32;240;2;242
02357;32;71;2;73
02358;32;333;3;336
02359;32;1301;20;1321
02360;32;2751;39;2790
02361;32;4645;78;4723
02362;32;238;12;250
02363;32;390;3;393
02364;32;258;5;263
02366;32;324;7;331
02367;32;130;4;134
02368;32;574;7;581
02369;32;242;2;244
02370;32;610;5;615
02371;32;1578;35;1613
02372;32;347;10;357
02373;32;197;5;202
02374;32;861;9;870
02375;32;159;3;162
02376;32;174;5;179
02377;32;135;8;143
02378;32;129;5;134
02379;32;209;123;332
02380;32;24;1;25
02381;32;8710;187;8897
02382;32;1367;39;1406
02383;32;1452;46;1498
02384;32;56;2;58
02385;32;160;3;163
02386;32;225;2;227
02387;32;1015;35;1050
02388;32;225;6;231
02389;32;659;16;675
02390;32;264;2;266
02391;32;206;0;206
02392;32;311;6;317
02393;32;141;5;146
02395;32;141;6;147
02396;32;64;1;65
02397;32;1252;20;1272
02398;32;284;4;288
02399;32;607;5;612
02400;32;148;4;152
02401;32;194;2;196
02402;32;37;2;39
02403;32;260;7;267
02404;32;190;0;190
02405;32;535;5;540
02406;32;132;5;137
02407;32;199;9;208
02408;32;24304;666;24970
02409;32;268;4;272
02410;32;244;10;254
02411;32;203;4;207
02412;32;100;1;101
02413;32;244;4;248
02414;32;201;5;206
02415;32;160;4;164
02416;32;420;10;430
02417;32;116;0;116
02418;32;223;4;227
02419;32;269;9;278
02420;32;829;11;840
02421;32;106;1;107
02422;32;805;10;815
02423;32;422;8;430
02424;32;104;0;104
02425;32;172;3;175
02426;32;540;10;550
02427;32;138;1;139
02428;32;74;2;76
02429;32;122;1;123
02430;32;1281;119;1400
02431;32;383;9;392
02432;32;189;5;194
02433;32;221;8;229
02435;32;79;0;79
02438;32;249;9;258
02439;32;1177;20;1197
02440;32;138;0;138
02441;32;188;3;191
02442;32;90;1;91
02443;32;203;6;209
02444;32;121;0;121
02445;32;282;6;288
02446;32;118;1;119
02447;32;147;5;152
02448;32;121;4;125
02449;32;66;3;69
02450;32;366;4;370
02451;32;124;1;125
02452;32;236;10;246
02453;32;404;8;412
02454;32;404;3;407
02455;32;204;1;205
02456;32;299;4;303
02457;32;404;10;414
02458;32;820;17;837
02459;32;161;8;169
02460;32;201;1;202
02461;32;383;6;389
02462;32;231;2;233
02463;32;89;2;91
02464;32;365;2;367
02465;32;513;7;520
02466;32;133;0;133
02467;32;51;1;52
02468;32;2235;29;2264
02469;32;485;13;498
02470;32;435;12;447
02471;32;135;2;137
02472;32;409;7;416
02473;32;215;1;216
02474;32;392;4;396
02476;32;669;14;683
02477;32;964;21;985
02478;32;261;8;269
02480;32;312;3;315
02481;32;473;16;489
02482;32;54;1;55
02483;32;513;10;523
02484;32;527;3;530
02485;32;94;4;98
02486;32;107;1;108
02487;32;627;9;636
02488;32;156;2;158
02489;32;342;7;349
02490;32;126;3;129
02491;32;324;9;333
02492;32;454;8;462
02493;32;224;6;230
02494;32;127;2;129
02495;32;1046;15;1061
02496;32;100;1;101
02497;32;1154;29;1183
02498;32;763;13;776
02499;32;43;2;45
02500;32;810;19;829
02501;32;93;2;95
02502;32;1324;9;1333
02503;32;831;2;833
02504;32;1616;28;1644
02505;32;206;5;211
02506;32;195;6;201
02507;32;31;1;32
02508;32;151;6;157
02509;32;156;0;156
02510;32;151;2;153
02511;32;295;4;299
02512;32;270;5;275
02513;32;138;2;140
02514;32;704;15;719
02515;32;55;6;61
02516;32;67;1;68
02517;32;299;5;304
02518;32;303;3;306
02519;32;186;4;190
02520;32;741;7;748
02521;32;1364;14;1378
02522;32;74;2;76
02523;32;72;1;73
02524;32;694;15;709
02525;32;577;13;590
02526;32;99;3;102
02527;32;458;9;467
02528;32;228;5;233
02529;32;178;1;179
02530;32;78;1;79
02531;32;118;1;119
02532;32;986;18;1004
02533;32;111;8;119
02534;32;48;1;49
02535;32;113;5;118
02536;32;103;1;104
02537;32;202;1;203
02538;32;70;0;70
02539;32;702;8;710
02540;32;1227;36;1263
02541;32;421;6;427
02542;32;82;2;84
02543;32;2066;34;2100
02544;32;616;14;630
02545;32;187;2;189
02546;32;193;4;197
02547;32;66;1;67
02548;32;377;7;384
02549;32;846;25;871
02550;32;115;3;118
02551;32;115;0;115
02552;32;187;9;196
02553;32;244;4;248
02554;32;1071;22;1093
02555;32;2108;46;2154
02556;32;81;1;82
02557;32;127;0;127
02558;32;2557;28;2585
02559;32;462;4;466
02560;32;246;4;250
02561;32;153;4;157
02562;32;212;2;214
02563;32;164;3;167
02564;32;495;5;500
02565;32;291;3;294
02566;32;1104;23;1127
02567;32;279;8;287
02568;32;162;4;166
02569;32;471;3;474
02570;32;177;0;177
02571;32;717;75;792
02572;32;502;9;511
02573;32;60;1;61
02574;32;1432;28;1460
02575;32;1670;14;1684
02576;32;330;8;338
02577;32;90;1;91
02578;32;86;1;87
02579;32;125;9;134
02580;32;816;10;826
02581;32;323;1;324
02582;32;76;2;78
02583;32;54;2;56
02584;32;121;6;127
02585;32;259;7;266
02586;32;139;6;145
02587;32;355;7;362
02588;32;68;2;70
02589;32;261;0;261
02590;32;169;4;173
02591;32;135;1;136
02592;32;192;4;196
02593;32;1064;21;1085
02594;32;132;6;138
02595;32;133;0;133
02596;32;763;15;778
02598;32;669;18;687
02599;32;255;3;258
02600;32;347;5;352
02601;32;197;2;199
02602;32;1698;27;1725
02604;32;84;1;85
02605;32;192;5;197
02606;32;70;3;73
02607;32;78;3;81
02608;32;473;2;475
02609;32;20;0;20
02610;32;736;11;747
02612;32;127;1;128
02613;32;605;11;616
02614;32;265;7;272
02615;32;360;5;365
02616;32;211;3;214
02617;32;508;4;512
02618;32;694;12;706
02619;32;658;0;658
02620;32;347;9;356
02621;32;379;15;394
02622;32;54;0;54
02623;32;97;3;100
02624;32;275;66;341
02625;32;142;2;144
02626;32;334;7;341
02627;32;123;3;126
02628;32;217;6;223
02629;32;311;12;323
02631;32;411;5;416
02632;32;57;1;58
02633;32;60;0;60
02634;32;82;4;86
02635;32;146;5;151
02636;32;199;5;204
02637;32;293;10;303
02638;32;237;1;238
02639;32;346;7;353
02640;32;157;4;161
02641;32;111;4;115
02642;32;173;3;176
02643;32;769;8;777
02644;32;346;13;359
02645;32;192;9;201
02647;32;60;0;60
02648;32;1937;38;1975
02649;32;307;4;311
02650;32;357;6;363
02651;32;106;1;107
02652;32;104;1;105
02653;32;500;13;513
02654;32;82;1;83
02655;32;135;0;135
02656;32;394;10;404
02657;32;250;4;254
02658;32;236;8;244
02659;32;504;13;517
02660;32;38;2;40
02661;32;254;3;257
02662;32;322;9;331
02663;32;221;5;226
02664;32;123;3;126
02665;32;300;5;305
02666;32;1002;17;1019
02667;32;203;6;209
02668;32;1057;21;1078
02670;32;151;0;151
02671;32;287;5;292
02672;32;261;4;265
02673;32;444;7;451
02674;32;48;0;48
02675;32;133;1;134
02676;32;1716;40;1756
02677;32;240;3;243
02678;32;68;0;68
02679;32;150;4;154
02680;32;2294;37;2331
02681;32;279;5;284
02682;32;114;3;117
02683;32;110;3;113
02684;32;3314;57;3371
02685;32;120;1;121
02686;32;373;4;377
02687;32;333;9;342
02688;32;48;4;52
02689;32;41;1;42
02690;32;80;1;81
02691;32;53570;1281;54851
02693;32;221;3;224
02694;32;641;10;651
02695;32;81;0;81
02696;32;76;3;79
02697;32;384;5;389
02698;32;101;2;103
02699;32;280;3;283
02701;32;708;8;716
02702;32;602;22;624
02703;32;1083;13;1096
02704;32;247;4;251
02705;32;210;6;216
02706;32;566;11;577
02707;32;181;0;181
02708;32;215;8;223
02709;32;407;8;415
02710;32;742;18;760
02711;32;293;7;300
02712;32;142;3;145
02713;32;270;4;274
02714;32;358;2;360
02715;32;45;3;48
02716;32;290;5;295
02717;32;590;13;603
02718;32;121;3;124
02719;32;2028;41;2069
02720;32;2034;74;2108
02721;32;476;2;478
02722;32;28712;651;29363
02723;32;98;1;99
02724;32;61;1;62
02725;32;139;6;145
02726;32;181;3;184
02727;32;221;3;224
02728;32;264;4;268
02729;32;81;1;82
02730;32;267;6;273
02731;32;171;2;173
02732;32;104;0;104
02734;32;274;6;280
02735;32;17;0;17
02736;32;167;5;172
02737;32;552;12;564
02738;32;13588;200;13788
02739;32;335;7;342
02740;32;221;6;227
02741;32;539;5;544
02742;32;114;0;114
02743;32;158;1;159
02744;32;72;2;74
02745;32;121;1;122
02746;32;658;8;666
02747;32;83;0;83
02748;32;939;24;963
02749;32;219;7;226
02750;32;583;8;591
02751;32;144;2;146
02752;32;281;5;286
02753;32;328;4;332
02754;32;185;3;188
02755;32;589;10;599
02756;32;684;12;696
02757;32;529;8;537
02758;32;2012;37;2049
02759;32;370;3;373
02760;32;142;3;145
02761;32;211;4;215
02762;32;139;5;144
02763;32;219;4;223
02764;32;88;3;91
02765;32;246;10;256
02766;32;235;6;241
02767;32;322;3;325
02768;32;542;6;548
02769;32;898;14;912
02770;32;788;20;808
02772;32;160;1;161
02773;32;39;0;39
02774;32;118;1;119
02775;32;936;17;953
02776;32;558;12;570
02777;32;142;7;149
02778;32;97;1;98
02779;32;219;3;222
02780;32;1378;17;1395
02781;32;453;16;469
02782;32;220;2;222
02783;32;138;0;138
02784;32;138;0;138
02785;32;1100;30;1130
02786;32;127;2;129
02787;32;258;2;260
02788;32;460;7;467
02789;32;2587;96;2683
02790;32;238;3;241
02791;32;259;6;265
02792;32;157;7;164
02793;32;119;1;120
02794;32;188;4;192
02795;32;1618;18;1636
02796;32;83;0;83
02797;32;172;1;173
02798;32;1221;19;1240
02799;32;407;9;416
02800;32;313;5;318
02801;32;272;3;275
02802;32;209;0;209
02803;32;146;5;151
02804;32;186;3;189
02805;32;2549;44;2593
02806;32;294;5;299
02807;32;656;24;680
02808;32;289;5;294
02809;32;69;3;72
02810;32;10424;417;10841
02812;32;207;6;213
02813;32;252;8;260
02814;32;162;0;162
02815;32;430;17;447
02816;32;531;6;537
02817;32;82;1;83
02818;32;1166;11;1177
02819;32;116;1;117
02820;32;1688;43;1731
02821;32;680;21;701
02822;32;391;12;403
02823;32;74;0;74
02824;32;375;8;383
02826;32;356;7;363
02827;32;312;5;317
02828;32;94;0;94
02829;32;42;1;43
02830;32;955;16;971
02831;32;379;6;385
02832;32;189;5;194
02833;32;508;7;515
02834;32;169;6;175
03001;84;2904;60;2964
03002;84;309;12;321
03003;84;987;27;1014
03004;84;253;7;260
03005;84;338;3;341
03006;84;633;17;650
03007;84;357;7;364
03008;84;372;14;386
03009;84;135;36;171
03010;84;424;13;437
03011;84;421;9;430
03012;84;323;5;328
03013;84;3953;96;4049
03014;84;136;3;139
03015;84;328;11;339
03016;84;143;2;145
03017;84;189;6;195
03018;84;685;14;699
03019;84;1640;24;1664
03020;84;294;7;301
03021;84;224;2;226
03022;84;997;17;1014
03023;84;8741;231;8972
03024;84;237;6;243
03025;84;1328;31;1359
03026;84;761;18;779
03027;84;928;24;952
03028;84;364;7;371
03029;84;783;12;795
03030;84;856;15;871
03031;84;291;9;300
03032;84;244;2;246
03033;84;181;4;185
03034;84;496;12;508
03035;84;212;4;216
03036;84;2572;72;2644
03037;84;259;2;261
03038;84;521;8;529
03039;84;384;7;391
03040;84;1126;38;1164
03041;84;319;12;331
03042;84;530;17;547
03043;84;1189;75;1264
03044;84;1516;36;1552
03045;84;849;18;867
03046;84;1026;23;1049
03047;84;407;9;416
03048;84;1305;24;1329
03049;84;428;10;438
03050;84;179;10;189
03051;84;301;6;307
03052;84;1093;29;1122
03053;84;1102;25;1127
03054;84;237;6;243
03055;84;966;17;983
03056;84;382;7;389
03057;84;201;6;207
03058;84;238;6;244
03059;84;359;7;366
03060;84;1030;17;1047
03061;84;394;6;400
03062;84;351;17;368
03063;84;1028;20;1048
03064;84;180;1;181
03065;84;544;9;553
03066;84;324;5;329
03067;84;138;4;142
03068;84;104;1;105
03069;84;312;6;318
03070;84;133;1;134
03071;84;248;3;251
03072;84;492;12;504
03073;84;638;11;649
03074;84;656;15;671
03075;84;168;2;170
03076;84;227;7;234
03077;84;128;3;131
03078;84;231;8;239
03079;84;303;8;311
03080;84;691;11;702
03081;84;327;12;339
03082;84;6132;189;6321
03083;84;580;13;593
03084;84;2034;31;2065
03085;84;646;55;701
03086;84;321;8;329
03087;84;597;7;604
03088;84;320;2;322
03089;84;152;1;153
03090;84;305;8;313
03091;84;438;9;447
03092;84;628;13;641
03093;84;1185;27;1212
03094;84;3297;102;3399
03095;84;12474;481;12955
03096;84;86;1;87
03097;84;360;9;369
03098;84;4459;87;4546
03099;84;391;11;402
03100;84;1381;35;1416
03101;84;8729;166;8895
03102;84;3032;59;3091
03103;84;1065;25;1090
03104;84;1169;32;1201
03105;84;357;7;364
03106;84;1316;105;1421
03107;84;1270;27;1297
03108;84;376;6;382
03109;84;781;32;813
03110;84;968;26;994
03111;84;1112;24;1136
03112;84;668;9;677
03113;84;536;16;552
03114;84;279;7;286
03115;84;341;7;348
03116;84;191;5;196
03117;84;475;12;487
03118;84;5830;197;6027
03119;84;413;4;417
03120;84;710;12;722
03121;84;647;17;664
03122;84;236;6;242
03124;84;219;3;222
03125;84;124;2;126
03126;84;1167;13;1180
03127;84;620;10;630
03128;84;2645;57;2702
03129;84;312;13;325
03130;84;279;6;285
03131;84;550;13;563
03132;84;559;15;574
03133;84;519;10;529
03134;84;193;3;196
03135;84;407;9;416
03136;84;235;5;240
03137;84;271;6;277
03138;84;3144;73;3217
03139;84;313;11;324
03140;84;1154;33;1187
03141;84;149;2;151
03142;84;242;5;247
03143;84;92;3;95
03144;84;211;8;219
03145;84;736;13;749
03146;84;154;35;189
03147;84;167;2;169
03148;84;349;6;355
03149;84;441;16;457
03150;84;203;7;210
03151;84;159;3;162
03152;84;231;7;238
03154;84;276;4;280
03155;84;1881;42;1923
03156;84;1688;54;1742
03157;84;1020;23;1043
03158;84;871;19;890
03159;84;780;15;795
03160;84;410;4;414
03161;84;900;29;929
03162;84;202;6;208
03163;84;751;22;773
03164;84;273;2;275
03165;84;1384;86;1470
03166;84;306;5;311
03167;84;286;4;290
03168;84;906;15;921
03169;84;331;6;337
03170;84;129;6;135
03171;84;249;6;255
03172;84;122;2;124
03173;84;1142;33;1175
03174;84;914;25;939
03175;84;278;12;290
03176;84;541;10;551
03177;84;253;3;256
03178;84;298;6;304
03179;84;297;10;307
03180;84;662;11;673
03181;84;296;3;299
03182;84;263;1;264
03183;84;469;4;473
03184;84;505;8;513
03185;84;34361;1070;35431
03186;84;1524;21;1545
03187;84;630;9;639
03188;84;219;1;220
03189;84;715;24;739
03190;84;19246;542;19788
03191;84;280;8;288
03192;84;150;3;153
03193;84;187;4;191
03194;84;125;2;127
03195;84;2570;94;2664
03196;84;221;3;224
03197;84;1453;32;1485
03198;84;187;0;187
03200;84;1520;256;1776
03201;84;304;13;317
03202;84;603;15;618
03203;84;387;9;396
03204;84;623;18;641
03205;84;440;11;451
03206;84;168;6;174
03207;84;512;13;525
03208;84;423;9;432
03209;84;151;3;154
03210;84;399;10;409
03211;84;2507;49;2556
03212;84;1512;25;1537
03213;84;252;4;256
03214;84;382;3;385
03215;84;550;8;558
03216;84;172;3;175
03217;84;761;35;796
03218;84;272;8;280
03219;84;215;5;220
03220;84;710;15;725
03221;84;730;8;738
03222;84;90;5;95
03223;84;441;14;455
03224;84;288;7;295
03225;84;444;10;454
03226;84;250;5;255
03227;84;373;8;381
03228;84;38;0;38
03229;84;612;18;630
03230;84;526;16;542
03231;84;188;5;193
03232;84;303;9;312
03233;84;395;8;403
03234;84;373;11;384
03235;84;969;10;979
03236;84;3654;70;3724
03237;84;427;9;436
03238;84;529;9;538
03239;84;265;9;274
03240;84;543;11;554
03241;84;368;46;414
03242;84;568;14;582
03243;84;121;6;127
03244;84;128;2;130
03245;84;124;1;125
03246;84;594;12;606
03247;84;1106;33;1139
03248;84;165;2;167
03249;84;162;2;164
03250;84;349;6;355
03251;84;376;9;385
03252;84;677;15;692
03253;84;379;10;389
03254;84;5221;118;5339
03255;84;143;4;147
03256;84;214;5;219
03257;84;803;23;826
03258;84;1737;26;1763
03259;84;338;3;341
03260;84;224;5;229
03261;84;178;7;185
03262;84;2092;38;2130
03263;84;194;8;202
03264;84;2570;53;2623
03265;84;671;78;749
03266;84;272;8;280
03267;84;664;24;688
03268;84;386;3;389
03269;84;85;2;87
03270;84;143;5;148
03271;84;805;32;837
03272;84;282;7;289
03273;84;492;15;507
03274;84;318;6;324
03275;84;1747;49;1796
03276;84;102;6;108
03277;84;254;5;259
03278;84;191;4;195
03279;84;556;10;566
03280;84;182;9;191
03281;84;391;3;394
03282;84;372;13;385
03283;84;1065;18;1083
03284;84;290;9;299
03285;84;178;8;186
03286;84;1138;20;1158
03287;84;379;9;388
03288;84;384;8;392
03289;84;514;12;526
03290;84;1630;59;1689
03291;84;415;13;428
03292;84;879;12;891
03293;84;283;10;293
03294;84;168;1;169
03295;84;76;0;76
03296;84;376;12;388
03297;84;1538;26;1564
03298;84;3618;73;3691
03299;84;229;8;237
03300;84;537;9;546
03301;84;1166;26;1192
03302;84;39;1;40
03303;84;236;10;246
03304;84;2249;59;2308
03305;84;593;15;608
03306;84;1918;52;1970
03307;84;236;3;239
03308;84;152;4;156
03309;84;454;10;464
03310;84;24980;322;25302
03311;84;305;7;312
03312;84;274;10;284
03313;84;275;9;284
03314;84;1322;36;1358
03315;84;1283;37;1320
03316;84;1073;16;1089
03317;84;294;8;302
03319;84;484;10;494
03320;84;776;17;793
03321;84;12838;517;13355
04001;93;1432;28;1460
04004;93;546;30;576
04005;93;133;2;135
04006;93;824;8;832
04007;93;67;0;67
04008;93;1031;35;1066
04009;93;14;0;14
04012;93;95;0;95
04013;93;605;15;620
04016;93;63;0;63
04017;93;99;5;104
04018;93;1028;15;1043
04019;93;2564;198;2762
04020;93;133;2;135
04021;93;147;4;151
04022;93;417;8;425
04023;93;189;4;193
04024;93;127;3;130
04025;93;386;14;400
04026;93;136;6;142
04027;93;252;56;308
04028;93;122;9;131
04030;93;57;0;57
04031;93;557;10;567
04032;93;127;0;127
04033;93;766;19;785
04034;93;1124;15;1139
04035;93;290;6;296
04036;93;960;28;988
04037;93;73;2;75
04039;93;1470;39;1509
04040;93;63;1;64
04041;93;299;6;305
04042;93;138;1;139
04043;93;86;3;89
04045;93;1206;21;1227
04046;93;687;107;794
04047;93;848;20;868
04049;93;5089;108;5197
04050;93;27;0;27
04051;93;72;2;74
04053;93;492;20;512
04054;93;74;1;75
04055;93;188;0;188
04057;93;176;3;179
04058;93;272;6;278
04059;93;220;1;221
04061;93;482;5;487
04062;93;149;4;153
04063;93;1219;32;1251
04065;93;633;6;639
04066;93;571;12;583
04067;93;52;1;53
04068;93;836;14;850
04069;93;135;3;138
04070;93;16482;922;17404
04072;93;110;2;112
04073;93;388;12;400
04074;93;102;2;104
04075;93;372;11;383
04076;93;816;21;837
04077;93;172;3;175
04079;93;1371;37;1408
04081;93;392;4;396
04084;93;493;7;500
04085;93;59;2;61
04086;93;303;17;320
04087;93;133;2;135
04088;93;5121;88;5209
04090;93;207;4;211
04091;93;92;0;92
04092;93;118;4;122
04093;93;62;1;63
04094;93;2639;48;2687
04095;93;90;0;90
04096;93;1132;26;1158
04097;93;385;5;390
04099;93;88;5;93
04101;93;133;3;136
04102;93;179;3;182
04104;93;385;11;396
04106;93;380;10;390
04107;93;4;0;4
04108;93;1975;30;2005
04109;93;322;4;326
04110;93;1011;28;1039
04111;93;1347;28;1375
04112;93;22528;669;23197
04113;93;451;14;465
04115;93;121;2;123
04116;93;3751;45;3796
04118;93;123;1;124
04120;93;118;1;119
04121;93;639;11;650
04122;93;511;10;521
04123;93;1121;29;1150
04124;93;417;6;423
04126;93;406;15;421
04127;93;322;3;325
04128;93;221;9;230
04129;93;59;1;60
04130;93;203;2;205
04132;93;144;1;145
04133;93;237;1;238
04134;93;553;20;573
04135;93;720;15;735
04136;93;313;8;321
04137;93;42;0;42
04138;93;281;6;287
04139;93;523;9;532
04140;93;127;3;130
04141;93;365;9;374
04142;93;54;0;54
04143;93;5867;74;5941
04144;93;353;1;354
04145;93;1448;37;1485
04148;93;253;9;262
04149;93;2813;43;2856
04150;93;202;4;206
04151;93;520;13;533
04152;93;3905;126;4031
04154;93;92;1;93
04155;93;179;1;180
04156;93;264;1;265
04157;93;691;8;699
04158;93;407;8;415
04159;93;85;5;90
04160;93;1680;37;1717
04161;93;329;8;337
04162;93;258;6;264
04163;93;525;11;536
04164;93;88;1;89
04166;93;1726;39;1765
04167;93;288;5;293
04169;93;104;3;107
04170;93;75;0;75
04171;93;121;0;121
04172;93;738;10;748
04173;93;1010;21;1031
04174;93;145;2;147
04175;93;91;1;92
04176;93;119;4;123
04177;93;45;0;45
04178;93;1319;35;1354
04179;93;105;2;107
04180;93;79;4;83
04181;93;48;1;49
04182;93;215;2;217
04183;93;142;3;145
04184;93;136;3;139
04186;93;99;4;103
04187;93;41;1;42
04188;93;867;8;875
04189;93;627;14;641
04190;93;114;3;117
04191;93;13;2;15
04192;93;1235;24;1259
04193;93;180;7;187
04194;93;96;2;98
04195;93;597;13;610
04197;93;3442;78;3520
04199;93;177;4;181
04200;93;640;21;661
04201;93;122;3;125
04202;93;132;2;134
04203;93;475;9;484
04204;93;163;4;167
04205;93;1379;27;1406
04206;93;425;8;433
04207;93;103;4;107
04208;93;602;16;618
04209;93;7595;239;7834
04210;93;89;4;93
04211;93;178;3;181
04214;93;130;1;131
04216;93;234;5;239
04217;93;748;19;767
04218;93;231;3;234
04219;93;244;6;250
04220;93;379;11;390
04222;93;335;8;343
04224;93;100;1;101
04226;93;594;14;608
04227;93;287;7;294
04228;93;39;0;39
04229;93;252;5;257
04230;93;3173;62;3235
04231;93;245;6;251
04233;93;268;8;276
04234;93;226;2;228
04235;93;61;1;62
04236;93;108;0;108
04237;93;126;3;129
04240;93;249;5;254
04241;93;192;5;197
04242;93;4323;78;4401
04244;93;1641;37;1678
04245;93;3206;75;3281
05001;93;383;6;389
05003;93;397;11;408
05004;93;917;15;932
05006;93;2255;86;2341
05007;93;358;8;366
05008;93;369;5;374
05009;93;99;3;102
05010;93;803;12;815
05011;93;419;9;428
05012;93;620;14;634
05013;93;127;5;132
05014;93;180;2;182
05016;93;256;2;258
05017;93;2562;57;2619
05018;93;325;10;335
05019;93;150;4;154
05021;93;142;1;143
05022;93;239;3;242
05023;93;11339;320;11659
05024;93;220;8;228
05025;93;215;7;222
05026;93;285;3;288
05027;93;199;4;203
05028;93;155;4;159
05029;93;887;25;912
05031;93;188;1;189
05032;93;136;3;139
05033;93;40;0;40
05035;93;30;3;33
05036;93;1198;34;1232
05037;93;506;20;526
05038;93;319;17;336
05039;93;705;12;717
05040;93;3061;80;3141
05044;93;127;3;130
05045;93;1105;32;1137
05046;93;6335;378;6713
05047;93;125;4;129
05048;93;203;6;209
05049;93;57;0;57
05050;93;821;9;830
05051;93;29;1;30
05052;93;805;12;817
05053;93;520;11;531
05054;93;433;4;437
05055;93;328;4;332
05056;93;334;11;345
05057;93;255;6;261
05058;93;217;5;222
05059;93;904;19;923
05060;93;179;8;187
05061;93;40631;1545;42176
05062;93;160;1;161
05063;93;479;10;489
05064;93;105;3;108
05065;93;2312;85;2397
05066;93;8;0;8
05068;93;460;13;473
05070;93;3543;51;3594
05071;93;338;19;357
05072;93;243;7;250
05073;93;342;13;355
05074;93;191;0;191
05075;93;427;7;434
05076;93;86;3;89
05077;93;297;5;302
05078;93;284;10;294
05079;93;1060;23;1083
05080;93;58;0;58
05081;93;52;4;56
05082;93;173;2;175
05084;93;457;6;463
05085;93;454;14;468
05086;93;104;2;106
05087;93;529;14;543
05089;93;84;1;85
05090;93;212;8;220
05091;93;41;3;44
05092;93;763;15;778
05093;93;359;10;369
05094;93;15;1;16
05095;93;301;2;303
05096;93;674;18;692
05097;93;356;35;391
05098;93;543;13;556
05099;93;104;1;105
05100;93;763;29;792
05101;93;1154;40;1194
05102;93;93;2;95
05103;93;777;21;798
05104;93;323;16;339
05106;93;299;7;306
05107;93;453;23;476
05108;93;167;5;172
05109;93;524;20;544
05110;93;301;5;306
05111;93;273;9;282
05112;93;87;0;87
05113;93;378;17;395
05114;93;251;1;252
05115;93;453;9;462
05116;93;209;2;211
05117;93;114;0;114
05118;93;1340;28;1368
05119;93;655;18;673
05121;93;175;4;179
05122;93;808;27;835
05123;93;1528;38;1566
05124;93;474;9;483
05126;93;469;9;478
05127;93;181;7;188
05128;93;692;22;714
05129;93;152;2;154
05130;93;178;5;183
05131;93;81;4;85
05132;93;2063;75;2138
05133;93;1531;45;1576
05134;93;318;5;323
05135;93;51;0;51
05136;93;737;15;752
05139;93;916;27;943
05140;93;286;7;293
05142;93;443;17;460
05144;93;144;2;146
05145;93;1075;93;1168
05146;93;136;1;137
05147;93;365;5;370
05148;93;535;18;553
05149;93;362;11;373
05151;93;1128;37;1165
05152;93;126;4;130
05153;93;352;13;365
05154;93;162;0;162
05155;93;30;1;31
05156;93;516;11;527
05157;93;192;6;198
05158;93;117;1;118
05159;93;87;3;90
05160;93;85;0;85
05161;93;935;23;958
05162;93;1443;36;1479
05163;93;144;4;148
05164;93;1076;42;1118
05165;93;252;7;259
05166;93;1285;27;1312
05167;93;87;2;89
05168;93;708;21;729
05169;93;35;1;36
05170;93;2285;52;2337
05171;93;214;4;218
05172;93;310;5;315
05173;93;457;10;467
05174;93;615;22;637
05176;93;267;4;271
05177;93;528;9;537
05178;93;584;40;624
05179;93;3216;144;3360
05180;93;542;14;556
05181;93;294;13;307
05182;93;42;3;45
05183;93;1477;53;1530
05184;93;209;8;217
06001;93;94;0;94
06002;93;54;0;54
06003;93;648;5;653
06004;93;73438;1085;74523
06005;93;175;0;175
06006;93;2272;32;2304
06007;93;3200;68;3268
06008;93;31;2;33
06009;93;109;1;110
06010;93;2921;63;2984
06011;93;3755;28;3783
06012;93;13358;130;13488
06013;93;690;11;701
06014;93;947;6;953
06015;93;1240;21;1261
06016;93;551;4;555
06017;93;254;4;258
06018;93;9668;351;10019
06019;93;1657;19;1676
06020;93;566;11;577
06021;93;731;4;735
06022;93;554;6;560
06023;93;2137;52;2189
06024;93;217;2;219
06025;93;1414;7;1421
06026;93;1380;27;1407
06027;93;52178;491;52669
06028;93;411;4;415
06029;93;74545;802;75347
06030;93;41887;359;42246
06031;93;1300;11;1311
06032;93;4523;68;4591
06033;93;12550;136;12686
06034;93;1656;15;1671
06035;93;1126;9;1135
06036;93;400;4;404
06037;93;298;3;301
06038;93;3664;59;3723
06039;93;942;8;950
06040;93;63;0;63
06041;93;401;6;407
06042;93;665;12;677
06043;93;822;4;826
06044;93;7898;157;8055
06045;93;73;2;75
06046;93;3482;41;3523
06047;93;95;1;96
06048;93;7437;81;7518
06049;93;110;2;112
06050;93;531;6;537
06051;93;98;2;100
06052;93;179;2;181
06053;93;143;1;144
06054;93;5117;40;5157
06055;93;150;3;153
06056;93;142;2;144
06057;93;2554;18;2572
06058;93;611;15;626
06059;93;2256;60;2316
06060;93;1994;34;2028
06061;93;96;3;99
06062;93;317;1;318
06063;93;73;0;73
06064;93;4173;56;4229
06065;93;7010;105;7115
06066;93;1599;11;1610
06067;93;1493;13;1506
06068;93;373;10;383
06069;93;48870;922;49792
06070;93;570;13;583
06071;93;600;7;607
06072;93;162;1;163
06073;93;653;12;665
06074;93;1241;10;1251
06075;93;4761;46;4807
06076;93;47;3;50
06077;93;1294;12;1306
06078;93;321;7;328
06079;93;21998;283;22281
06080;93;106;4;110
06081;93;118;2;120
06082;93;103;1;104
06083;93;30525;456;30981
06084;93;9887;282;10169
06085;93;19982;439;20421
06086;93;251;2;253
06087;93;44;0;44
06088;93;342669;2859;345528
06089;93;2295;74;2369
06090;93;7996;89;8085
06091;93;2370;18;2388
06092;93;1465;13;1478
06093;93;206;1;207
06094;93;783;9;792
06095;93;8192;187;8379
06096;93;105;0;105
06097;93;335;0;335
06098;93;126;1;127
06099;93;1840;81;1921
06100;93;231;0;231
06101;93;184;2;186
06102;93;91;5;96
06103;93;1833;49;1882
06104;93;12839;202;13041
06105;93;7183;195;7378
06106;93;577;8;585
06107;93;68;1;69
06108;93;5385;94;5479
06109;93;950;4;954
06110;93;120;3;123
06111;93;119;4;123
06112;93;4072;122;4194
06113;93;1338;22;1360
06114;93;5695;29;5724
06115;93;87;0;87
06116;93;215;3;218
06117;93;1240;9;1249
06118;93;3903;100;4003
06119;93;108;2;110
06120;93;1494;160;1654
06121;93;1492;8;1500
06122;93;4246;110;4356
06123;93;29169;183;29352
06124;93;49;0;49
06125;93;152;7;159
06126;93;3095;19;3114
06127;93;1444;12;1456
06128;93;3252;70;3322
06129;93;306;82;388
06130;93;3654;104;3758
06131;93;48;2;50
06132;93;458;10;468
06133;93;71;1;72
06134;93;540;8;548
06135;93;197;2;199
06136;93;3805;85;3890
06137;93;1161;24;1185
06138;93;1362;14;1376
06139;93;110;3;113
06140;93;3066;53;3119
06141;93;347;1;348
06142;93;299;2;301
06143;93;664;11;675
06144;93;553;4;557
06145;93;133;1;134
06146;93;155;1;156
06147;93;5013;46;5059
06148;93;4041;100;4141
06149;93;10115;65;10180
06150;93;2981;55;3036
06151;93;867;1;868
06152;93;13486;554;14040
06153;93;835;285;1120
06154;93;464;8;472
06155;93;27364;179;27543
06156;93;161;1;162
06157;93;18940;302;19242
06158;93;776;3;779
06159;93;5033;35;5068
06160;93;89;2;91
06161;93;16285;236;16521
06162;93;696;10;706
06163;93;2166;49;2215
07001;84;376;12;388
07002;84;551;18;569
07003;84;170;1;171
07004;84;81;1;82
07005;84;1464;35;1499
07006;84;158;6;164
07007;84;989;14;1003
07008;84;1458;52;1510
07009;84;1205;23;1228
07010;84;16297;623;16920
07011;84;894;18;912
07012;84;377;9;386
07013;84;1253;22;1275
07014;84;326;7;333
07015;84;535;23;558
07017;84;763;16;779
07018;84;44;0;44
07019;84;12479;776;13255
07020;84;468;11;479
07022;84;1254;26;1280
07023;84;374;6;380
07024;84;661;22;683
07025;84;206;2;208
07026;84;254;8;262
07027;84;1844;30;1874
07028;84;516;10;526
07029;84;251;3;254
07030;84;207;5;212
07031;84;761;18;779
07032;84;164;1;165
07033;84;220;4;224
07034;84;251;3;254
07035;84;614;19;633
07036;84;444;11;455
07037;84;146;3;149
07038;84;49;0;49
07039;84;252;7;259
07040;84;259;5;264
07041;84;2376;65;2441
07042;84;7187;165;7352
07044;84;260;8;268
07045;84;522;7;529
07047;84;84;0;84
07048;84;336;7;343
07049;84;54;3;57
07050;84;941;16;957
07051;84;581;20;601
07052;84;616;10;626
07053;84;523;3;526
07054;84;254;9;263
07055;84;2979;74;3053
07056;84;913;18;931
07058;84;1039;35;1074
07059;84;240;7;247
07060;84;263;5;268
07061;84;415;12;427
07062;84;150;3;153
07063;84;397;9;406
07064;84;2877;156;3033
07065;84;236;3;239
07066;84;3015;173;3188
07067;84;318;4;322
07068;84;572;6;578
07069;84;657;22;679
07070;84;2311;49;2360
07071;84;790;13;803
07072;84;1662;42;1704
07073;84;520;11;531
07074;84;151;4;155
07075;84;149;4;153
07076;84;3063;66;3129
07077;84;254;2;256
07078;84;3168;87;3255
07079;84;1162;21;1183
07080;84;297;7;304
07081;84;58;1;59
07082;84;205;12;217
07083;84;434;10;444
07084;84;1028;37;1065
07085;84;619;14;633
07086;84;931;19;950
07087;84;433;8;441
07088;84;97;2;99
07089;84;1713;48;1761
07090;84;1224;17;1241
07091;84;333;12;345
07092;84;46;1;47
07093;84;275;8;283
07094;84;178;3;181
07095;84;460;3;463
07096;84;371;3;374
07097;84;693;18;711
07098;84;81;4;85
07099;84;633;18;651
07100;84;499;19;518
07101;84;911;21;932
07102;84;10756;221;10977
07103;84;310;3;313
07104;84;87;2;89
07105;84;99;3;102
07106;84;132;1;133
07107;84;1273;23;1296
07108;84;119;8;127
07109;84;297;6;303
07110;84;1752;28;1780
07111;84;169;5;174
07112;84;248;7;255
07113;84;308;7;315
07114;84;201;2;203
07115;84;671;11;682
07116;84;1358;22;1380
07117;84;2206;35;2241
07118;84;145;6;151
07119;84;255;5;260
07120;84;61;0;61
07121;84;192;0;192
07122;84;1657;46;1703
07123;84;165;3;168
07124;84;38;1;39
07126;84;1171;24;1195
07127;84;1118;13;1131
07128;84;379;5;384
07129;84;2349;44;2393
07130;84;205;5;210
07131;84;452;42;494
07132;84;1587;50;1637
07133;84;243;3;246
07134;84;1019;27;1046
07136;84;104;1;105
07137;84;44;0;44
07138;84;2226;46;2272
07139;84;105;0;105
07140;84;797;24;821
07141;84;232;7;239
07142;84;318;8;326
07143;84;773;18;791
07144;84;47;2;49
07145;84;1160;21;1181
07146;84;601;16;617
07147;84;242;5;247
07148;84;146;8;154
07149;84;284;5;289
07150;84;556;20;576
07151;84;257;11;268
07152;84;1183;26;1209
07153;84;264;7;271
07154;84;121;1;122
07155;84;1210;46;1256
07156;84;931;29;960
07157;84;1345;13;1358
07158;84;99;0;99
07159;84;715;10;725
07160;84;64;1;65
07161;84;739;23;762
07162;84;581;19;600
07163;84;81;7;88
07165;84;552;22;574
07166;84;250;2;252
07167;84;1006;19;1025
07168;84;597;17;614
07169;84;381;1;382
07170;84;243;6;249
07171;84;537;8;545
07172;84;2276;51;2327
07173;84;50;0;50
07174;84;482;6;488
07175;84;83;1;84
07176;84;153;2;155
07177;84;847;19;866
07178;84;588;12;600
07179;84;134;2;136
07181;84;2879;39;2918
07182;84;1186;31;1217
07183;84;473;12;485
07184;84;511;13;524
07185;84;703;9;712
07186;84;8465;282;8747
07187;84;135;4;139
07188;84;1686;38;1724
07189;84;315;7;322
07190;84;216;7;223
07191;84;2292;52;2344
07192;84;242;8;250
07193;84;276;4;280
07194;84;457;9;466
07195;84;62;2;64
07196;84;258;4;262
07197;84;2746;84;2830
07198;84;1126;30;1156
07199;84;1249;25;1274
07200;84;59;1;60
07201;84;2276;29;2305
07202;84;177;4;181
07203;84;116;3;119
07204;84;2377;63;2440
07205;84;1419;23;1442
07206;84;77;3;80
07207;84;1084;17;1101
07208;84;123;3;126
07209;84;54;2;56
07210;84;519;11;530
07211;84;461;14;475
07212;84;210;3;213
07213;84;149;1;150
07214;84;206;2;208
07215;84;199;6;205
07216;84;497;21;518
07217;84;833;21;854
07218;84;346;10;356
07219;84;320;6;326
07220;84;107;0;107
07221;84;248;9;257
07222;84;209;5;214
07223;84;139;2;141
07224;84;217;13;230
07225;84;1187;45;1232
07226;84;88;0;88
07227;84;1392;47;1439
07228;84;844;23;867
07229;84;926;25;951
07230;84;413;14;427
07231;84;2833;83;2916
07232;84;413;9;422
07233;84;211;4;215
07234;84;297;3;300
07235;84;216;3;219
07236;84;1147;19;1166
07237;84;777;13;790
07238;84;332;7;339
07239;84;110;2;112
07240;84;2405;45;2450
07241;84;711;17;728
07242;84;112;4;116
07243;84;290;5;295
07244;84;256;5;261
07245;84;2508;69;2577
07247;84;845;9;854
07248;84;247;11;258
07249;84;95;2;97
07250;84;486;10;496
07251;84;173;3;176
07253;84;175;3;178
07254;84;872;19;891
07255;84;1461;38;1499
07257;84;114;3;117
07258;84;223;2;225
07259;84;1688;37;1725
07260;84;950;17;967
07261;84;1589;35;1624
07262;84;172;2;174
07263;84;111;3;114
07264;84;2380;69;2449
07265;84;1384;35;1419
07266;84;113;2;115
07267;84;267;4;271
07268;84;949;12;961
07269;84;1096;38;1134
07270;84;432;12;444
07272;84;313;13;326
07273;84;217;3;220
07274;84;208;5;213
07275;84;103;3;106
07276;84;266;20;286
07277;84;149;5;154
07278;84;389;9;398
07279;84;1897;43;1940
07280;84;958;21;979
07281;84;7580;219;7799
07282;84;430;25;455
07283;84;63;1;64
07284;84;169;4;173
07285;84;109;1;110
07286;84;526;2;528
07287;84;296;15;311
07288;84;1280;44;1324
07289;84;1688;58;1746
07290;84;269;7;276
07291;84;858;23;881
07292;84;1248;36;1284
07293;84;900;18;918
07294;84;533;15;548
07295;84;1106;24;1130
07296;84;1748;48;1796
07297;84;508;7;515
07298;84;777;31;808
07299;84;120;4;124
07300;84;461;16;477
07301;84;950;15;965
07302;84;837;22;859
07303;84;254;4;258
07304;84;704;12;716
07305;84;372;8;380
07306;84;232;7;239
07307;84;447;9;456
07308;84;2228;35;2263
07309;84;1503;30;1533
07310;84;903;24;927
07311;84;146;7;153
07312;84;534;16;550
07313;84;1137;17;1154
07314;84;380;12;392
07315;84;372;13;385
07316;84;2284;49;2333
07317;84;1085;31;1116
07318;84;200;5;205
07319;84;8832;211;9043
07321;84;239;6;245
07322;84;1216;25;1241
07323;84;1708;53;1761
07324;84;10622;515;11137
07325;84;2062;72;2134
07326;84;117;0;117
07327;84;412;12;424
07328;84;583;18;601
07329;84;417;8;425
07330;84;2412;39;2451
07331;84;3530;65;3595
07332;84;447;13;460
07333;84;935;13;948
07334;84;2655;58;2713
07335;84;207;2;209
07336;84;225;7;232
07337;84;2614;85;2699
07338;84;1962;31;1993
07339;84;1990;62;2052
07340;84;1514;48;1562
07341;84;3001;115;3116
07342;84;1184;28;1212
07343;84;1401;40;1441
07344;84;466;3;469
07345;84;944;19;963
07346;84;3689;66;3755
07347;84;628;2;630
07348;84;1097;25;1122
07349;84;4848;58;4906
08001;44;467;3;470
08003;44;1637;35;1672
08004;44;236;1;237
08005;44;158;2;160
08006;44;242;4;246
08008;44;711;6;717
08010;44;133;5;138
08011;44;210;4;214
08013;44;390;3;393
08014;44;140;6;146
08015;44;101;5;106
08016;44;205;2;207
08017;44;117;3;120
08018;44;73;2;75
08019;44;61;0;61
08020;44;61;0;61
08021;44;155;3;158
08022;44;320;12;332
08023;44;65;1;66
08024;44;1088;19;1107
08025;44;1119;28;1147
08026;44;310;8;318
08027;44;97;3;100
08028;44;982;20;1002
08029;44;87;3;90
08030;44;58;0;58
08031;44;43;4;47
08032;44;218;3;221
08033;44;90;4;94
08034;44;340;6;346
08035;44;59;2;61
08036;44;114;8;122
08037;44;879;10;889
08038;44;328;9;337
08039;44;465;13;478
08040;44;886;12;898
08041;44;206;8;214
08043;44;1622;30;1652
08044;44;163;1;164
08045;44;268;11;279
08046;44;159;3;162
08047;44;106;0;106
08048;44;416;4;420
08049;44;128;3;131
08052;44;82;5;87
08053;44;2423;219;2642
08055;44;428;7;435
08056;44;45;0;45
08057;44;260;24;284
08058;44;222;6;228
08059;44;30;1;31
08060;44;293;1;294
08061;44;38;1;39
08062;44;126;6;132
08063;44;136;1;137
08064;44;307;5;312
08065;44;46;1;47
08066;44;68;1;69
08067;44;1121;17;1138
08069;44;145;2;147
08070;44;369;6;375
08071;44;138;2;140
08073;44;96;2;98
08074;44;56;3;59
08075;44;137;3;140
08076;44;966;19;985
08077;44;51;1;52
08078;44;853;15;868
08080;44;129;0;129
08081;44;5018;74;5092
08082;44;81;2;83
08083;44;353;7;360
08084;44;271;2;273
08085;44;226;7;233
08086;44;92;7;99
08087;44;146;2;148
08088;44;134;4;138
08089;44;370;9;379
08090;44;2879;44;2923
08092;44;190;8;198
08094;44;57;3;60
08095;44;182;6;188
08096;44;709;15;724
08097;44;444;7;451
08098;44;54;2;56
08099;44;123;4;127
08100;44;72;1;73
08101;44;167;5;172
08102;44;92;5;97
08103;44;222;3;225
08104;44;60;1;61
08105;44;46436;1090;47526
08106;44;73;0;73
08107;44;1331;18;1349
08109;44;140;3;143
08110;44;165;1;166
08111;44;782;2;784
08113;44;497;11;508
08115;44;545;4;549
08116;44;1021;17;1038
08117;44;159;0;159
08119;44;455;7;462
08120;44;45;2;47
08121;44;138;5;143
08122;44;754;15;769
08123;44;72;1;73
08124;44;345;9;354
08125;44;402;9;411
08126;44;221;4;225
08128;44;65;2;67
08130;44;83;3;86
08131;44;64;3;67
08132;44;189;2;191
08133;44;508;5;513
08134;44;77;1;78
08135;44;151;3;154
08136;44;349;8;357
08137;44;458;13;471
08138;44;255;3;258
08139;44;1041;10;1051
08140;44;1083;20;1103
08141;44;181;4;185
08142;44;2018;27;2045
08143;44;73;0;73
08144;44;102;1;103
08145;44;2199;60;2259
08146;44;95;2;97
08147;44;84;9;93
08148;44;279;7;286
08149;44;142;5;147
08150;44;170;5;175
08151;44;306;12;318
08153;44;347;5;352
08154;44;81;3;84
08155;44;101;5;106
08156;44;508;3;511
08158;44;299;8;307
08159;44;110;4;114
08160;44;188;4;192
08161;44;38;1;39
08162;44;350;6;356
08163;44;255;4;259
08164;44;336;9;345
08165;44;58;1;59
08166;44;268;2;270
08167;44;74;2;76
08168;44;174;4;178
08169;44;104;8;112
08170;44;215;3;218
08171;44;95;4;99
08172;44;188;1;189
08173;44;1722;52;1774
08174;44;2313;56;2369
08175;44;238;8;246
08176;44;53;1;54
08178;44;186;5;191
08179;44;597;13;610
08180;44;1671;41;1712
08182;44;54;0;54
08183;44;1043;24;1067
08184;44;82;2;84
08185;44;3280;48;3328
08186;44;49;0;49
08187;44;311;8;319
08188;44;1016;24;1040
08189;44;162;2;164
08190;44;6476;148;6624
08191;44;1052;25;1077
08192;44;86;1;87
08193;44;271;6;277
08194;44;845;13;858
08195;44;326;3;329
08196;44;104;0;104
08197;44;38;2;40
08198;44;520;16;536
08199;44;796;17;813
08200;44;184;6;190
08201;44;100;2;102
08202;44;517;10;527
08203;44;280;6;286
08204;44;82;1;83
08205;44;73;0;73
08206;44;371;5;376
08207;44;231;4;235
08208;44;137;1;138
08209;44;475;5;480
08210;44;112;4;116
08211;44;721;4;725
08212;44;504;10;514
08214;44;488;3;491
08215;44;43;2;45
08216;44;314;13;327
08217;44;88;0;88
08218;44;1446;24;1470
08219;44;117;1;118
08220;44;334;8;342
08222;44;1847;47;1894
08223;44;122;2;124
08225;44;205;6;211
08226;44;170;4;174
08228;44;168;5;173
08229;44;131;7;138
08230;44;390;6;396
08232;44;412;9;421
08233;44;46;1;47
08234;44;104;0;104
08235;44;374;12;386
08236;44;297;10;307
08237;44;655;20;675
08238;44;102;1;103
08239;44;1233;30;1263
08240;44;171;4;175
08242;44;428;8;436
08243;44;165;3;168
08244;44;72;3;75
08245;44;31;2;33
08246;44;74;1;75
08247;44;131;2;133
08248;44;686;9;695
08249;44;240;10;250
08250;44;188;5;193
08251;44;75;2;77
08252;44;118;2;120
08254;44;616;10;626
08255;44;224;3;227
08256;44;86;1;87
08257;44;155;3;158
08259;44;72;2;74
08260;44;627;8;635
08262;44;572;34;606
08263;44;1126;26;1152
08264;44;515;11;526
08268;44;69;4;73
08269;44;79;1;80
08271;44;100;6;106
08272;44;57;0;57
08273;44;72;1;73
08274;44;99;1;100
08275;44;207;4;211
08276;44;740;13;753
08277;44;131;4;135
08278;44;81;0;81
08279;44;58;2;60
08280;44;75;2;77
08281;44;469;9;478
08282;44;1033;72;1105
08283;44;127;1;128
08284;44;885;23;908
08286;44;113;5;118
08287;44;133;2;135
08288;44;90;1;91
08289;44;604;8;612
08291;44;245;5;250
08293;44;143;5;148
08294;44;135;4;139
08295;44;185;4;189
08296;44;115;7;122
08297;44;299;8;307
08298;44;1578;45;1623
08300;44;15;0;15
08301;44;69;4;73
08302;44;2237;84;2321
08303;44;385;10;395
08304;44;81;2;83
08305;44;255;5;260
08306;44;56;3;59
08307;44;82;1;83
08308;44;87;0;87
08309;44;57;1;58
08310;44;69;5;74
08311;44;2226;40;2266
08312;44;186;7;193
08313;44;145;4;149
08314;44;800;23;823
08315;44;74;2;76
08316;44;1006;15;1021
08317;44;115;4;119
08318;44;357;8;365
08319;44;333;8;341
08320;44;555;16;571
08321;44;168;4;172
08322;44;373;14;387
08323;44;160;1;161
08324;44;114;2;116
08325;44;26;1;27
08326;44;121;2;123
08327;44;2241;37;2278
08328;44;5689;109;5798
08329;44;497;11;508
08330;44;765;9;774
08331;44;669;14;683
08332;44;44;4;48
08333;44;237;9;246
08334;44;38;2;40
08335;44;81;1;82
08336;44;230;3;233
08338;44;188;3;191
08339;44;307;4;311
08340;44;176;4;180
08341;44;864;40;904
08342;44;245;5;250
08343;44;1144;23;1167
08344;44;134;2;136
08346;44;1350;36;1386
08347;44;220;5;225
08348;44;113;3;116
08349;44;576;6;582
08350;44;237;3;240
08351;44;84;0;84
08352;44;199;4;203
08353;44;723;22;745
08354;44;824;13;837
08355;44;387;7;394
08356;44;177;1;178
08357;44;784;15;799
08358;44;251;4;255
08360;44;199;5;204
08361;44;1652;58;1710
08362;44;7467;297;7764
08363;44;5836;124;5960
08364;44;132;2;134
08365;44;1342;21;1363
08366;44;682;11;693
08367;44;2283;29;2312
08368;44;220;3;223
08369;44;131;3;134
08370;44;572;6;578
08372;44;67;0;67
08373;44;293;4;297
08374;44;121;0;121
08375;44;178;5;183
08376;44;251;5;256
08377;44;156;2;158
08378;44;108;1;109
08379;44;243;10;253
08380;44;216;4;220
08381;44;821;12;833
08382;44;99;3;102
08383;44;102;4;106
08384;44;144;3;147
08385;44;1071;171;1242
08386;44;344;7;351
08387;44;182;6;188
08388;44;344;11;355
08389;44;335;7;342
08390;44;79;4;83
08391;44;947;16;963
08392;44;197;11;208
08393;44;66;1;67
08394;44;72;3;75
08395;44;136;4;140
08396;44;122;0;122
08397;44;50;0;50
08398;44;89;2;91
08399;44;139;3;142
08400;44;515;10;525
08401;44;231;3;234
08402;44;831;9;840
08403;44;1916;16;1932
08404;44;218;3;221
08405;44;235;8;243
08406;44;373;12;385
08407;44;59;0;59
08408;44;561;10;571
08409;44;16092;337;16429
08410;44;178;15;193
08411;44;89;0;89
08412;44;159;4;163
08413;44;264;3;267
08415;44;338;12;350
08416;44;170;6;176
08417;44;278;8;286
08418;44;224;3;227
08419;44;1354;28;1382
08420;44;1194;22;1216
08421;44;94;0;94
08422;44;135;4;139
08424;44;123;2;125
08425;44;43;1;44
08426;44;98;0;98
08427;44;205;1;206
08428;44;146;2;148
08429;44;536;14;550
08430;44;39;2;41
08431;44;100;6;106
08432;44;110;4;114
08433;44;61;2;63
08434;44;52;2;54
08435;44;879;13;892
08436;44;407;7;414
08437;44;174;6;180
08438;44;104;2;106
08439;44;150;9;159
08440;44;130;2;132
08444;44;129;4;133
08445;44;419;2;421
08446;44;79;0;79
08448;44;1043;12;1055
08449;44;640;15;655
08450;44;225;9;234
08451;44;378;8;386
08452;44;273;0;273
08453;44;103;3;106
08454;44;86;2;88
08455;44;92;1;93
08456;44;232;4;236
08457;44;1067;27;1094
08458;44;180;4;184
08459;44;149;3;152
08460;44;153;0;153
08461;44;206;1;207
08462;44;128;4;132
08463;44;55;1;56
08464;44;80;3;83
08465;44;44;3;47
08466;44;70;2;72
08467;44;108;0;108
08468;44;193;0;193
08469;44;478;12;490
08470;44;66;1;67
08471;44;31;2;33
08472;44;297;2;299
08473;44;305;7;312
08476;44;418;7;425
08477;44;108;0;108
08478;44;237;3;240
08479;44;196;2;198
08480;44;3568;71;3639
08481;44;253;5;258
08482;44;105;3;108
08483;44;524;13;537
08484;44;82;1;83
08485;44;204;11;215
08486;44;1467;31;1498
08487;44;1954;55;2009
08488;44;2918;83;3001
08489;44;218;3;221
08490;44;4320;150;4470
08491;44;3572;76;3648
08492;44;319;8;327
08494;44;459;5;464
08496;44;131;1;132
08497;44;1197;25;1222
08498;44;385;16;401
08499;44;321;3;324
08500;44;57;1;58
08501;44;41;3;44
08502;44;93;3;96
08503;44;127;1;128
09001;76;60;1;61
09002;76;645;20;665
09003;76;397;9;406
09004;76;121;7;128
09005;76;131;2;133
09006;76;54;0;54
09007;76;72;0;72
09008;76;122;2;124
09009;76;267;13;280
09011;76;71;1;72
09012;76;27;1;28
09013;76;81;2;83
09014;76;192;7;199
09015;76;692;8;700
09016;76;218;8;226
09017;76;111;2;113
09018;76;90;4;94
09019;76;562;10;572
09020;76;42;0;42
09021;76;121;3;124
09022;76;215;0;215
09023;76;120;1;121
09024;76;207;5;212
09025;76;55;3;58
09026;76;147;1;148
09027;76;79;2;81
09029;76;160;6;166
09030;76;469;10;479
09031;76;42;1;43
09032;76;1288;66;1354
09033;76;37;1;38
09034;76;34;2;36
09035;76;196;2;198
09037;76;42;0;42
09038;76;383;7;390
09039;76;340;13;353
09040;76;287;7;294
09041;76;203;7;210
09042;76;980;14;994
09043;76;670;13;683
09044;76;169;3;172
09045;76;199;1;200
09046;76;67;3;70
09047;76;1072;19;1091
09048;76;80;1;81
09049;76;179;3;182
09050;76;527;7;534
09051;76;152;4;156
09052;76;162;8;170
09053;76;19;3;22
09054;76;350;5;355
09055;76;93;0;93
09056;76;394;10;404
09057;76;317;5;322
09058;76;192;5;197
09059;76;121;4;125
09060;76;751;10;761
09061;76;505;6;511
09062;76;199;5;204
09063;76;109;2;111
09064;76;39;0;39
09065;76;213;1;214
09066;76;620;10;630
09067;76;214;3;217
09068;76;42;0;42
09069;76;26;0;26
09070;76;337;8;345
09071;76;223;8;231
09072;76;34;0;34
09073;76;194;1;195
09074;76;147;1;148
09075;76;285;8;293
09076;76;204;7;211
09077;76;183;1;184
09078;76;75;2;77
09079;76;796;14;810
09080;76;176;2;178
09081;76;275;11;286
09082;76;453;8;461
09083;76;22;0;22
09084;76;93;1;94
09085;76;401;5;406
09086;76;332;5;337
09087;76;47;0;47
09088;76;15;0;15
09089;76;57;2;59
09090;76;37;6;43
09091;76;204;3;207
09092;76;60;3;63
09093;76;157;0;157
09094;76;137;9;146
09095;76;148;1;149
09096;76;42;3;45
09097;76;115;0;115
09098;76;68;2;70
09099;76;394;19;413
09100;76;90;1;91
09101;76;282;3;285
09102;76;171;2;173
09103;76;864;17;881
09104;76;770;19;789
09105;76;708;11;719
09106;76;358;16;374
09107;76;619;15;634
09108;76;178;4;182
09109;76;171;3;174
09110;76;90;4;94
09111;76;304;4;308
09113;76;562;3;565
09114;76;130;2;132
09115;76;133;2;135
09116;76;386;3;389
09117;76;107;6;113
09118;76;184;4;188
09119;76;546;6;552
09120;76;349;4;353
09121;76;753;100;853
09122;76;9493;325;9818
09123;76;113;1;114
09124;76;1046;14;1060
09125;76;432;5;437
09126;76;85;3;88
09127;76;125;4;129
09128;76;308;10;318
09129;76;115;0;115
09130;76;726;9;735
09131;76;147;0;147
09132;76;250;3;253
09133;76;22;1;23
09134;76;32;1;33
09136;76;74;3;77
09137;76;202;4;206
09138;76;196;26;222
09139;76;102;0;102
09140;76;119;6;125
09141;76;73;0;73
09142;76;120;0;120
09143;76;33;0;33
09145;76;243;9;252
09146;76;57;0;57
09147;76;176;1;177
09148;76;124;5;129
09149;76;193;4;197
09150;76;201;6;207
09151;76;51;1;52
09152;76;23;1;24
09153;76;120;4;124
09154;76;59;2;61
09155;76;47;0;47
09156;76;20;0;20
09157;76;2405;53;2458
09158;76;251;7;258
09159;76;97;0;97
09160;76;6031;165;6196
09161;76;610;15;625
09162;76;16;0;16
09163;76;79;0;79
09164;76;493;23;516
09165;76;233;1;234
09166;76;99;6;105
09167;76;2348;40;2388
09168;76;185;9;194
09169;76;125;3;128
09170;76;255;6;261
09171;76;70;0;70
09172;76;26;0;26
09173;76;281;5;286
09174;76;355;13;368
09175;76;94;4;98
09176;76;521;9;530
09177;76;241;6;247
09178;76;45;4;49
09179;76;78;1;79
09180;76;120;1;121
09181;76;1145;9;1154
09182;76;709;10;719
09183;76;102;4;106
09184;76;45;1;46
09185;76;3873;83;3956
09186;76;104;0;104
09187;76;355;10;365
09188;76;1203;24;1227
09189;76;168;4;172
09190;76;114;1;115
09192;76;114;3;117
09193;76;61;0;61
09194;76;3102;124;3226
09195;76;30;0;30
09196;76;80;1;81
09197;76;17;0;17
09198;76;207;4;211
09199;76;696;18;714
09200;76;99;2;101
09201;76;78;1;79
09202;76;335;9;344
09203;76;156;9;165
09204;76;250;10;260
09205;76;81;2;83
09206;76;534;13;547
09207;76;1484;31;1515
09208;76;125;0;125
09209;76;1034;21;1055
09210;76;408;7;415
09211;76;117;2;119
09212;76;103;1;104
09213;76;243;3;246
09214;76;757;12;769
09215;76;122;4;126
09216;76;62;1;63
09217;76;154;2;156
09218;76;88;1;89
09219;76;195;4;199
09220;76;164;3;167
09221;76;243;3;246
09222;76;26;0;26
09223;76;555;7;562
09224;76;474;8;482
09225;76;15659;478;16137
09226;76;37;0;37
09227;76;199;3;202
09228;76;224;5;229
09229;76;465;8;473
09230;76;60;0;60
09231;76;164;1;165
09232;76;32;0;32
09233;76;47;1;48
09234;76;119;3;122
09235;76;864;16;880
09236;76;368;16;384
09237;76;30;1;31
09238;76;831;17;848
09239;76;136;1;137
09240;76;297;3;300
09241;76;366;5;371
09242;76;53;1;54
09243;76;84;3;87
09244;76;712;12;724
09245;76;1284;35;1319
09246;76;529;20;549
09247;76;163;9;172
09249;76;147;4;151
09250;76;93;2;95
09251;76;166;8;174
09252;76;88;0;88
09253;76;384;6;390
09254;76;241;6;247
09255;76;43;0;43
09256;76;58;0;58
09257;76;620;16;636
09258;76;464;9;473
09259;76;152;4;156
09260;76;29;0;29
09261;76;6418;401;6819
09262;76;382;6;388
09263;76;22;1;23
09264;76;1275;18;1293
09265;76;2859;63;2922
09266;76;66;2;68
09267;76;127;2;129
09268;76;1365;31;1396
09269;76;363;11;374
09270;76;220;5;225
09271;76;81;2;83
09272;76;1330;27;1357
09273;76;665;23;688
09274;76;337;6;343
09275;76;371;8;379
09276;76;220;10;230
09277;76;690;11;701
09279;76;47;2;49
09280;76;641;9;650
09281;76;121;2;123
09282;76;4828;158;4986
09283;76;389;15;404
09284;76;187;6;193
09285;76;708;14;722
09287;76;13;0;13
09289;76;1491;35;1526
09290;76;155;3;158
09291;76;105;3;108
09292;76;56;0;56
09293;76;680;10;690
09294;76;103;1;104
09295;76;95;0;95
09296;76;152;2;154
09297;76;28;0;28
09298;76;80;2;82
09299;76;426;7;433
09300;76;174;7;181
09301;76;376;2;378
09303;76;322;8;330
09304;76;14;1;15
09305;76;354;8;362
09306;76;3024;32;3056
09307;76;158;2;160
09308;76;208;8;216
09309;76;152;2;154
09310;76;47;2;49
09311;76;22;0;22
09312;76;3218;68;3286
09313;76;155;7;162
09314;76;274;15;289
09315;76;129;0;129
09316;76;101;1;102
09318;76;125;1;126
09319;76;117;4;121
09320;76;29;1;30
09321;76;317;4;321
09322;76;272;10;282
09323;76;92;1;93
09324;76;3495;55;3550
09325;76;29;0;29
09326;76;124;1;125
09327;76;234;2;236
09328;76;216;9;225
09329;76;673;21;694
09330;76;28;0;28
09331;76;718;6;724
09332;76;2252;68;2320
09334;76;561;64;625
09335;76;39;0;39
09336;76;965;19;984
09338;76;155;4;159
09339;76;769;15;784
09340;76;156;4;160
09341;76;146;0;146
09342;76;239;2;241
10002;44;237;5;242
10003;44;3546;38;3584
10004;44;207;2;209
10005;44;255;12;267
10006;44;2803;81;2884
10007;44;104;2;106
10008;44;113;1;114
10009;44;87;2;89
10010;44;47;2;49
10011;44;210;1;211
10012;44;306;5;311
10013;44;145;2;147
10014;44;181;1;182
10015;44;376;6;382
10017;44;130;3;133
10018;44;1023;10;1033
10019;44;379;5;384
10020;44;505;10;515
10021;44;157;4;161
10022;44;200;12;212
10023;44;187;7;194
10024;44;169;3;172
10025;44;171;4;175
10026;44;36;0;36
10027;44;60;5;65
10028;44;120;0;120
10029;44;155;2;157
10030;44;1530;30;1560
10031;44;471;8;479
10032;44;302;9;311
10033;44;4787;193;4980
10034;44;2961;196;3157
10035;44;751;9;760
10037;44;447;10;457
10038;44;194;2;196
10039;44;117;5;122
10040;44;164;8;172
10041;44;50;1;51
10042;44;206;4;210
10043;44;127;3;130
10044;44;34;0;34
10045;44;182;9;191
10046;44;114;2;116
10047;44;41;1;42
10048;44;161;4;165
10049;44;531;9;540
10050;44;198;3;201
10051;44;1087;47;1134
10052;44;216;4;220
10053;44;594;9;603
10054;44;113;1;114
10055;44;266;12;278
10056;44;240;1;241
10057;44;53;1;54
10058;44;242;9;251
10059;44;112;5;117
10060;44;2851;56;2907
10061;44;673;12;685
10062;44;201;2;203
10063;44;411;13;424
10064;44;2772;26;2798
10065;44;85;1;86
10066;44;436;10;446
10067;44;1827;28;1855
10068;44;125;6;131
10069;44;116;0;116
10070;44;490;19;509
10071;44;51;2;53
10072;44;34;0;34
10073;44;127;2;129
10074;44;507;8;515
10075;44;96;6;102
10076;44;264;7;271
10077;44;110;2;112
10078;44;27;0;27
10079;44;129;2;131
10080;44;1038;10;1048
10081;44;11741;92;11833
10082;44;245;4;249
10083;44;338;6;344
10084;44;1019;28;1047
10085;44;65;0;65
10086;44;264;8;272
10087;44;53;1;54
10089;44;698;13;711
10090;44;232;2;234
10091;44;141;4;145
10092;44;128;0;128
10093;44;103;2;105
10094;44;588;12;600
10095;44;289;5;294
10096;44;433;8;441
10097;44;161;4;165
10098;44;322;9;331
10099;44;519;14;533
10100;44;1127;23;1150
10101;44;173;3;176
10102;44;189;4;193
10103;44;153;1;154
10104;44;306;3;309
10105;44;26;1;27
10106;44;136;5;141
10107;44;104;0;104
10108;44;82;0;82
10109;44;232;8;240
10110;44;559;11;570
10111;44;105;5;110
10112;44;177;2;179
10113;44;199;6;205
10114;44;706;14;720
10115;44;1982;34;2016
10116;44;316;4;320
10117;44;158;7;165
10118;44;93;4;97
10119;44;174;4;178
10120;44;213;2;215
10121;44;322;8;330
10122;44;225;4;229
10123;44;873;16;889
10124;44;262;13;275
10125;44;307;5;312
10126;44;133;4;137
10127;44;58;0;58
10128;44;73;1;74
10129;44;299;9;308
10130;44;101;6;107
10131;44;360;4;364
10132;44;234;5;239
10133;44;260;11;271
10134;44;88;6;94
10135;44;101;3;104
10136;44;117;1;118
10137;44;33;0;33
10138;44;142;2;144
10139;44;166;4;170
10140;44;1142;9;1151
10141;44;721;12;733
10142;44;1851;19;1870
10143;44;169;5;174
10144;44;154;3;157
10145;44;212;7;219
10146;44;90;3;93
10147;44;126;4;130
10148;44;410;10;420
10149;44;333;4;337
10150;44;253;5;258
10151;44;877;9;886
10153;44;621;14;635
10154;44;71;1;72
10155;44;190;6;196
10156;44;706;8;714
10157;44;215;6;221
10158;44;535;16;551
10159;44;88;1;89
10160;44;37;1;38
10161;44;49;3;52
10162;44;287;6;293
10163;44;43;2;45
10164;44;735;10;745
10165;44;337;6;343
10166;44;398;6;404
10167;44;91;0;91
10168;44;79;1;80
10169;44;220;8;228
10170;44;490;9;499
10171;44;231;9;240
10172;44;155;1;156
10173;44;462;8;470
10174;44;169;3;172
10175;44;177;3;180
10176;44;164;7;171
10177;44;148;7;155
10178;44;263;6;269
10179;44;472;10;482
10180;44;96;4;100
10181;44;221;12;233
10182;44;119;1;120
10183;44;35;1;36
10184;44;128;1;129
10185;44;209;4;213
10186;44;529;16;545
10187;44;400;10;410
10188;44;215;7;222
10189;44;59;0;59
10190;44;569;6;575
10191;44;910;10;920
10192;44;127;1;128
10193;44;303;7;310
10194;44;95;2;97
10195;44;296;4;300
10196;44;209;1;210
10197;44;180;11;191
10198;44;99;3;102
10199;44;349;6;355
10200;44;91;3;94
10201;44;69;0;69
10202;44;218;80;298
10203;44;390;14;404
10204;44;147;3;150
10205;44;93;2;95
10206;44;126;1;127
10207;44;128;1;129
10208;44;290;12;302
10209;44;2207;54;2261
10210;44;455;13;468
10211;44;971;15;986
10212;44;116;4;120
10213;44;160;3;163
10214;44;87;1;88
10215;44;261;4;265
10216;44;1933;25;1958
10217;44;32;0;32
10218;44;164;1;165
10219;44;67;3;70
10220;44;1498;43;1541
10221;44;162;0;162
10222;44;438;7;445
10223;44;727;9;736
10224;44;1757;33;1790
10225;44;234;7;241
10226;44;112;2;114
10227;44;329;5;334
10228;44;198;2;200
10229;44;105;2;107
10230;44;680;10;690
10231;44;621;10;631
10232;44;325;5;330
10233;44;1511;49;1560
10234;44;277;1;278
10235;44;47;0;47
10236;44;57;1;58
10237;44;591;29;620
10238;44;458;9;467
10239;44;587;24;611
10240;44;466;11;477
10241;44;64;0;64
10242;44;160;3;163
10243;44;105;5;110
10245;44;809;28;837
10246;44;264;16;280
10247;44;124;4;128
10248;44;388;11;399
10249;44;403;7;410
10250;44;224;6;230
10251;44;253;9;262
10252;44;60;2;62
10253;44;141;1;142
10254;44;328;9;337
10255;44;291;5;296
10256;44;407;4;411
10257;44;30;0;30
10258;44;283;7;290
10259;44;364;3;367
10260;44;643;16;659
10261;44;1017;15;1032
10262;44;415;8;423
10263;44;435;5;440
10264;44;117;2;119
10265;44;3280;33;3313
10266;44;47;3;50
10267;44;312;4;316
10268;44;5966;118;6084
10269;44;150;4;154
10270;44;258;6;264
10271;44;595;11;606
10272;44;180;3;183
10273;44;24;0;24
10274;44;312;4;316
10275;44;594;7;601
10276;44;334;6;340
10278;44;137;4;141
10279;44;53;1;54
10280;44;817;9;826
10281;44;291;8;299
10282;44;1374;19;1393
10283;44;130;2;132
10284;44;148;3;151
10285;44;73;0;73
10286;44;206;7;213
10287;44;1483;16;1499
10288;44;263;4;267
10289;44;968;17;985
10290;44;235;3;238
10291;44;187;7;194
10293;44;159;2;161
10294;44;62;2;64
10295;44;323;6;329
10296;44;190;9;199
10297;44;5154;92;5246
10298;44;1159;20;1179
10299;44;522;17;539
10300;44;290;2;292
10301;44;173;4;177
10302;44;87;2;89
10303;44;81;2;83
10304;44;185;2;187
10305;44;86;3;89
10306;44;239;6;245
10307;44;367;10;377
10308;44;211;8;219
10309;44;95;2;97
10310;44;216;5;221
10312;44;168;5;173
10313;44;371;2;373
10314;44;409;4;413
10315;44;45;2;47
10316;44;221;4;225
10317;44;1212;23;1235
10318;44;161;2;163
10319;44;325;7;332
10320;44;233;5;238
10321;44;3591;113;3704
10323;44;14480;318;14798
10324;44;159;2;161
10325;44;4521;347;4868
10326;44;171;8;179
10327;44;114;1;115
10328;44;388;4;392
10329;44;513;45;558
10330;44;110;1;111
10331;44;557;10;567
10332;44;497;11;508
10333;44;12784;190;12974
10334;44;589;8;597
10335;44;241;6;247
10336;44;395;5;400
10337;44;33;1;34
10338;44;177;3;180
10339;44;291;6;297
10340;44;2275;48;2323
10341;44;357;9;366
10342;44;404;8;412
10343;44;6765;145;6910
10344;44;902;15;917
10345;44;383;11;394
10346;44;54;1;55
10347;44;208;6;214
10348;44;231;4;235
10349;44;2885;62;2947
10350;44;638;11;649
10351;44;366;5;371
10352;44;1715;294;2009
10353;44;886;10;896
10354;44;137;4;141
10355;44;67;0;67
10356;44;299;8;307
10357;44;3167;49;3216
10358;44;1043;18;1061
10359;44;513;11;524
10360;44;953;230;1183
10361;44;241;4;245
10362;44;10508;388;10896
10363;44;550;3;553
10364;44;73;2;75
10365;44;123;0;123
10366;44;65;2;67
10367;44;689;9;698
10368;44;999;11;1010
10369;44;193;6;199
10370;44;246;6;252
10371;44;308;5;313
10372;44;417;6;423
10373;44;379;20;399
10374;44;161;1;162
10375;44;332;10;342
10376;44;154;3;157
10377;44;112;9;121
10378;44;69;3;72
10379;44;456;9;465
10380;44;80;5;85
10381;44;988;18;1006
10382;44;1047;13;1060
10383;44;185;3;188
10384;44;217;7;224
10386;44;224;7;231
10387;44;61957;1130;63087
10388;44;44;1;45
10389;44;116;4;120
10390;44;122;2;124
10391;44;294;1;295
10392;44;400;9;409
10393;44;177;3;180
10394;44;165;1;166
10395;44;295;4;299
10396;44;500;5;505
10397;44;164;2;166
10398;44;76;4;80
10399;44;720;8;728
10400;44;117;5;122
10401;44;2315;39;2354
10402;44;245;5;250
10403;44;54;1;55
10404;44;109;2;111
10405;44;56;0;56
10406;44;1858;37;1895
10408;44;132;5;137
10409;44;602;4;606
10410;44;107;4;111
10411;44;27;0;27
10412;44;942;20;962
10414;44;124;5;129
10416;44;245;9;254
10417;44;204;6;210
10418;44;201;9;210
10419;44;753;13;766
10420;44;2726;30;2756
10421;44;148;4;152
10422;44;184;2;186
10423;44;417;15;432
10424;44;63;2;65
10425;44;272;3;275
10426;44;960;12;972
10427;44;204;7;211
10428;44;100;5;105
10429;44;248;3;251
10430;44;85;2;87
10431;44;101;1;102
10432;44;71;1;72
10433;44;251;8;259
10434;44;56;1;57
10435;44;186;4;190
10436;44;170;7;177
10437;44;605;10;615
10438;44;221;5;226
10439;44;125;3;128
10440;44;146;6;152
10441;44;232;2;234
10442;44;686;9;695
10443;44;45;1;46
10444;44;227;3;230
10445;44;54;9;63
11001;76;563;11;574
11002;76;168;2;170
11003;76;196;3;199
11004;76;333;5;338
11005;76;1313;33;1346
11006;76;79;2;81
11007;76;121;4;125
11008;76;386;3;389
11009;76;1582;22;1604
11010;76;258;7;265
11011;76;456;14;470
11012;76;2189;32;2221
11013;76;355;6;361
11014;76;1513;30;1543
11015;76;262;3;265
11016;76;80;3;83
11017;76;74;1;75
11018;76;1220;33;1253
11019;76;64;0;64
11020;76;38;0;38
11021;76;535;11;546
11022;76;1113;23;1136
11023;76;760;14;774
11024;76;784;15;799
11025;76;306;3;309
11026;76;175;3;178
11027;76;777;20;797
11028;76;382;7;389
11029;76;60;3;63
11030;76;118;6;124
11031;76;23;2;25
11032;76;245;2;247
11033;76;1317;27;1344
11034;76;857;7;864
11035;76;243;6;249
11036;76;162;2;164
11037;76;966;10;976
11038;76;46;0;46
11039;76;47;1;48
11040;76;1746;28;1774
11041;76;1225;15;1240
11042;76;228;6;234
11043;76;223;6;229
11044;76;105;0;105
11045;76;141;1;142
11046;76;55;0;55
11047;76;47;1;48
11048;76;727;16;743
11049;76;3208;81;3289
11051;76;181;4;185
11052;76;343;5;348
11053;76;283;5;288
11054;76;271;11;282
11055;76;240;4;244
11056;76;171;4;175
11057;76;29;0;29
11058;76;256;8;264
11059;76;138;1;139
11060;76;49;1;50
11061;76;303;4;307
11062;76;19;0;19
11063;76;603;5;608
11064;76;371;4;375
11065;76;53;1;54
11066;76;102;0;102
11067;76;1826;18;1844
11068;76;1473;41;1514
11069;76;46825;1291;48116
11070;76;337;5;342
11071;76;224;7;231
11072;76;165;8;173
11073;76;59;0;59
11074;76;302;2;304
11075;76;133;2;135
11076;76;12187;507;12694
11077;76;503;9;512
11078;76;207;7;214
11079;76;206;3;209
11080;76;170;2;172
11081;76;1621;30;1651
11082;76;8;0;8
11083;76;52;0;52
11084;76;1003;23;1026
11085;76;954;39;993
11086;76;906;13;919
11087;76;93;1;94
11088;76;1652;50;1702
11089;76;407;7;414
11090;76;623;17;640
11091;76;1132;12;1144
11092;76;87;1;88
11093;76;28;2;30
11094;76;26;0;26
11095;76;303;8;311
11096;76;36;2;38
11098;76;905;19;924
11099;76;2581;55;2636
11100;76;26;1;27
11101;76;52;1;53
11102;76;587;8;595
11103;76;1118;21;1139
11104;76;50;0;50
11105;76;726;10;736
11106;76;5825;96;5921
11107;76;76;1;77
11108;76;46;1;47
11109;76;52;1;53
11110;76;118;0;118
11111;76;933;9;942
11112;76;84;1;85
11113;76;116;5;121
11114;76;39;0;39
11115;76;897;24;921
11116;76;4033;71;4104
11117;76;115;2;117
11118;76;44;1;45
11119;76;295;7;302
11120;76;530;13;543
11121;76;110;1;111
11122;76;765;12;777
11123;76;146;3;149
11124;76;654;11;665
11125;76;153;0;153
11126;76;477;4;481
11127;76;71;3;74
11128;76;148;2;150
11129;76;1729;32;1761
11130;76;227;5;232
11131;76;573;13;586
11132;76;1256;16;1272
11133;76;42;0;42
11134;76;50;4;54
11135;76;12;1;13
11136;76;849;89;938
11137;76;127;5;132
11138;76;526;16;542
11139;76;79;0;79
11140;76;1235;21;1256
11141;76;120;1;121
11142;76;198;5;203
11143;76;110;0;110
11144;76;1069;12;1081
11145;76;3758;62;3820
11146;76;406;8;414
11147;76;5;0;5
11148;76;552;10;562
11149;76;79;1;80
11150;76;450;50;500
11151;76;514;11;525
11152;76;127;4;131
11153;76;241;7;248
11154;76;49;0;49
11155;76;78;1;79
11156;76;105;2;107
11157;76;213;5;218
11158;76;291;11;302
11159;76;138;2;140
11160;76;36;0;36
11161;76;127;3;130
11162;76;58;1;59
11163;76;46;0;46
11164;76;1499;21;1520
11165;76;303;9;312
11166;76;81;0;81
11167;76;124;2;126
11168;76;95;0;95
11169;76;86;5;91
11170;76;5087;80;5167
11172;76;594;11;605
11173;76;132;3;135
11174;76;55;0;55
11175;76;476;9;485
11176;76;59;2;61
11177;76;32;0;32
11178;76;1284;15;1299
11179;76;91;2;93
11180;76;64;0;64
11181;76;399;8;407
11182;76;175;3;178
11183;76;267;9;276
11184;76;92;3;95
11185;76;540;9;549
11186;76;55;2;57
11187;76;57;1;58
11188;76;1704;31;1735
11189;76;106;1;107
11190;76;1227;20;1247
11191;76;151;7;158
11192;76;788;30;818
11193;76;278;3;281
11194;76;157;3;160
11195;76;402;9;411
11196;76;180;8;188
11197;76;604;16;620
11198;76;1022;15;1037
11199;76;1513;26;1539
11200;76;134;7;141
11201;76;865;15;880
11202;76;4612;58;4670
11203;76;11317;220;11537
11204;76;48;0;48
11205;76;134;2;136
11206;76;10012;509;10521
11207;76;239;5;244
11208;76;80;3;83
11209;76;246;7;253
11210;76;1138;10;1148
11211;76;534;5;539
11212;76;574;12;586
11213;76;47;0;47
11214;76;422;12;434
11215;76;864;26;890
11216;76;368;12;380
11217;76;1314;27;1341
11218;76;83;0;83
11219;76;19;0;19
11220;76;703;13;716
11221;76;299;5;304
11222;76;178;5;183
11223;76;25;1;26
11224;76;27;1;28
11225;76;927;22;949
11226;76;81;1;82
11227;76;38;1;39
11228;76;151;4;155
11229;76;25;1;26
11230;76;32;0;32
11231;76;97;3;100
11232;76;46;0;46
11233;76;758;13;771
11234;76;185;5;190
11235;76;60;2;62
11236;76;242;2;244
11238;76;138;6;144
11239;76;83;2;85
11240;76;556;9;565
11241;76;329;1;330
11242;76;173;0;173
11243;76;602;10;612
11244;76;90;3;93
11245;76;38;0;38
11246;76;46;0;46
11247;76;38;0;38
11248;76;69;1;70
11249;76;82;1;83
11250;76;36;1;37
11251;76;741;10;751
11252;76;304;9;313
11253;76;836;14;850
11254;76;1900;173;2073
11255;76;1485;15;1500
11256;76;614;12;626
11257;76;230;3;233
11258;76;2030;48;2078
11259;76;1005;30;1035
11260;76;106;3;109
11261;76;701;8;709
11262;76;55516;1184;56700
11263;76;260;5;265
11264;76;1289;32;1321
11265;76;38;1;39
11266;76;5795;68;5863
11267;76;1127;25;1152
11268;76;113;0;113
11269;76;2564;50;2614
11270;76;137;1;138
11271;76;33;0;33
11272;76;2398;101;2499
11273;76;673;12;685
11274;76;369;15;384
11275;76;205;3;208
11276;76;526;17;543
11277;76;28;2;30
11278;76;74;1;75
11279;76;2634;60;2694
11280;76;1087;30;1117
11281;76;1230;19;1249
11282;76;52;2;54
11283;76;77;5;82
11284;76;476;16;492
11285;76;1132;23;1155
11286;76;1166;20;1186
11287;76;87;2;89
11288;76;1577;155;1732
11289;76;967;17;984
11290;76;116;1;117
11291;76;108;4;112
11292;76;165;1;166
11293;76;899;23;922
11294;76;58;1;59
11295;76;1339;19;1358
11296;76;565;9;574
11297;76;142;1;143
11299;76;623;14;637
11300;76;154;0;154
11301;76;1184;17;1201
11302;76;265;9;274
11303;76;441;15;456
11304;76;3212;108;3320
11305;76;50;0;50
11306;76;52;2;54
11307;76;262;5;267
11308;76;451;9;460
11309;76;93;4;97
11310;76;201;1;202
11311;76;270;4;274
11312;76;111;5;116
11313;76;302;7;309
11314;76;85;7;92
11315;76;1949;26;1975
11316;76;210;3;213
11317;76;113;1;114
11318;76;136;6;142
11319;76;80;1;81
11320;76;294;4;298
11321;76;83;0;83
11322;76;990;18;1008
11323;76;275;2;277
11324;76;505;13;518
11325;76;452;11;463
11326;76;80;1;81
11327;76;472;13;485
11328;76;241;3;244
11330;76;506;12;518
11331;76;61;3;64
11332;76;1369;16;1385
11333;76;107;3;110
11334;76;117;2;119
11335;76;45;0;45
11336;76;436;7;443
11337;76;387;4;391
11338;76;41;1;42
11339;76;504;12;516
11340;76;525;10;535
11341;76;112;2;114
11342;76;242;4;246
11343;76;120;2;122
11344;76;713;16;729
11345;76;262;0;262
11346;76;127;3;130
11347;76;104;2;106
11348;76;88;1;89
11350;76;51;3;54
11351;76;724;26;750
11352;76;51;2;53
11353;76;2020;46;2066
11354;76;27;0;27
11355;76;361;8;369
11356;76;1121;20;1141
11357;76;217;7;224
11358;76;24;2;26
11359;76;475;6;481
11360;76;2069;35;2104
11361;76;883;20;903
11362;76;201;4;205
11363;76;182;5;187
11364;76;143;2;145
11365;76;41;2;43
11366;76;537;10;547
11367;76;922;23;945
11368;76;119;3;122
11369;76;3024;43;3067
11370;76;3254;76;3330
11371;76;707;13;720
11372;76;379;5;384
11373;76;72;1;73
11374;76;16;0;16
11375;76;30;1;31
11376;76;95;4;99
11377;76;76;0;76
11378;76;203;6;209
11379;76;5533;96;5629
11380;76;130;3;133
11381;76;122;7;129
11382;76;362;58;420
11383;76;324;10;334
11384;76;126;0;126
11385;76;236;7;243
11386;76;483;7;490
11387;76;111;1;112
11388;76;47;0;47
11389;76;16;0;16
11390;76;556;10;566
11391;76;24;2;26
11392;76;270;4;274
11393;76;487;7;494
11394;76;131;0;131
11395;76;30;0;30
11396;76;597;3;600
11397;76;5502;128;5630
11398;76;255;5;260
11399;76;106;5;111
11400;76;103;1;104
11401;76;793;11;804
11402;76;23;0;23
11404;76;956;33;989
11405;76;574;10;584
11406;76;33;2;35
11407;76;280;6;286
11408;76;504;8;512
11409;76;105;1;106
11410;76;986;17;1003
11411;76;135;1;136
11412;76;55;0;55
11413;76;503;11;514
11414;76;24;1;25
11415;76;124;0;124
11416;76;249;5;254
11417;76;98;0;98
11418;76;1211;39;1250
11419;76;63;0;63
11420;76;135;3;138
11421;76;534;8;542
11422;76;348;15;363
11423;76;159;4;163
11424;76;85;1;86
11425;76;1684;54;1738
11426;76;1177;23;1200
11427;76;302;8;310
11428;76;252;7;259
11429;76;4469;80;4549
11430;76;1359;42;1401
11431;76;248;7;255
11432;76;322;10;332
11433;76;976;17;993
11434;76;1276;25;1301
11435;76;154;6;160
11436;76;370;2;372
11437;76;911;17;928
11438;76;388;6;394
11439;76;400;8;408
11440;76;35;3;38
11441;76;2658;53;2711
12001;76;1069;32;1101
12002;76;869;29;898
12003;76;343;7;350
12004;76;445;20;465
12006;76;351;11;362
12007;76;176;8;184
12008;76;885;19;904
12009;76;36;1;37
12010;76;153;2;155
12011;76;775;28;803
12012;76;746;9;755
12013;76;3741;113;3854
12015;76;228;3;231
12016;76;824;26;850
12017;76;216;5;221
12018;76;181;7;188
12019;76;89;4;93
12021;76;1558;55;1613
12022;76;109;0;109
12023;76;106;1;107
12024;76;195;3;198
12025;76;972;12;984
12026;76;1054;20;1074
12027;76;202;10;212
12028;76;518;9;527
12029;76;201;4;205
12030;76;379;15;394
12031;76;356;5;361
12032;76;595;14;609
12033;76;2923;66;2989
12034;76;303;7;310
12035;76;172;8;180
12036;76;637;8;645
12037;76;608;16;624
12038;76;164;4;168
12039;76;264;5;269
12041;76;264;6;270
12042;76;208;11;219
12043;76;2166;76;2242
12044;76;1028;32;1060
12045;76;388;12;400
12046;76;573;16;589
12047;76;451;6;457
12048;76;345;9;354
12049;76;451;10;461
12050;76;442;12;454
12051;76;310;2;312
12052;76;4419;115;4534
12053;76;327;6;333
12054;76;351;8;359
12055;76;83;0;83
12056;76;3150;84;3234
12057;76;925;34;959
12058;76;106;5;111
12059;76;517;24;541
12060;76;114;4;118
12061;76;575;11;586
12062;76;343;3;346
12063;76;1939;29;1968
12064;76;268;6;274
12065;76;461;14;475
12066;76;1148;28;1176
12067;76;76;0;76
12068;76;878;26;904
12069;76;265;7;272
12070;76;522;26;548
12071;76;334;7;341
12072;76;232;7;239
12073;76;625;19;644
12074;76;295;14;309
12075;76;106;2;108
12076;76;1615;57;1672
12077;76;513;12;525
12078;76;185;2;187
12079;76;491;18;509
12080;76;373;9;382
12082;76;189;2;191
12083;76;1473;52;1525
12084;76;1569;57;1626
12085;76;315;0;315
12086;76;324;16;340
12088;76;228;4;232
12089;76;5323;206;5529
12090;76;3205;94;3299
12091;76;455;11;466
12092;76;523;10;533
12093;76;176;1;177
12094;76;985;17;1002
12095;76;240;6;246
12096;76;4601;149;4750
12097;76;248;3;251
12098;76;461;21;482
12099;76;241;4;245
12100;76;2372;67;2439
12101;76;1072;35;1107
12102;76;2359;51;2410
12103;76;282;8;290
12104;76;488;10;498
12105;76;1108;25;1133
12106;76;534;11;545
12107;76;318;5;323
12108;76;375;5;380
12109;76;99;2;101
12110;76;325;16;341
12111;76;495;18;513
12113;76;506;7;513
12115;76;290;3;293
12116;76;266;8;274
12118;76;522;13;535
12119;76;1234;28;1262
12120;76;2147;104;2251
12121;76;723;16;739
12122;76;124;8;132
12124;76;306;9;315
12125;76;278;4;282
12127;76;636;20;656
12128;76;220;6;226
12129;76;463;14;477
12130;76;1127;32;1159
12131;76;1512;47;1559
12133;76;6005;166;6171
12134;76;347;10;357
12135;76;441;14;455
12136;76;938;17;955
12137;76;838;11;849
12138;76;1729;50;1779
12139;76;139;1;140
12140;76;988;24;1012
12141;76;222;7;229
12142;76;637;15;652
12143;76;62;0;62
12144;76;125;2;127
12145;76;21979;680;22659
12146;76;2284;77;2361
12147;76;138;1;139
12148;76;1407;39;1446
12149;76;154;5;159
12150;76;502;89;591
12151;76;214;8;222
12152;76;127;2;129
12153;76;421;7;428
12154;76;619;26;645
12155;76;334;9;343
12156;76;532;13;545
12157;76;1693;49;1742
12158;76;327;8;335
12159;76;561;24;585
12160;76;317;5;322
12161;76;545;15;560
12162;76;1080;28;1108
12163;76;210;4;214
12164;76;701;14;715
12165;76;363;16;379
12166;76;115;1;116
12167;76;699;22;721
12168;76;998;18;1016
12169;76;2007;146;2153
12170;76;370;8;378
12171;76;584;19;603
12172;76;530;12;542
12174;76;3439;99;3538
12175;76;178;2;180
12176;76;11665;594;12259
12177;76;1017;15;1032
12178;76;373;9;382
12179;76;84;1;85
12180;76;73;2;75
12181;76;214;5;219
12182;76;279;5;284
12183;76;218;6;224
12184;76;120;6;126
12185;76;1639;68;1707
12186;76;211;2;213
12187;76;354;4;358
12188;76;316;10;326
12189;76;354;6;360
12190;76;295;9;304
12191;76;322;9;331
12192;76;185;4;189
12193;76;286;13;299
12194;76;848;21;869
12195;76;274;3;277
12197;76;1983;78;2061
12198;76;1949;72;2021
12199;76;1991;142;2133
12200;76;1039;27;1066
12201;76;1067;45;1112
12202;76;24475;1935;26410
12203;76;554;15;569
12204;76;178;4;182
12205;76;775;16;791
12206;76;637;15;652
12207;76;345;14;359
12208;76;8023;635;8658
12209;76;749;13;762
12210;76;454;5;459
12211;76;134;1;135
12212;76;88;7;95
12213;76;616;15;631
12214;76;521;13;534
12215;76;1160;48;1208
12216;76;1400;37;1437
12217;76;745;18;763
12219;76;376;9;385
12220;76;288;2;290
12221;76;339;10;349
12222;76;195;4;199
12223;76;1600;38;1638
12224;76;2211;40;2251
12225;76;1617;44;1661
12226;76;427;13;440
12227;76;182;5;187
12228;76;303;8;311
12229;76;254;7;261
12230;76;403;16;419
12231;76;715;8;723
12232;76;279;8;287
12233;76;293;3;296
12234;76;613;8;621
12235;76;206;7;213
12236;76;154;5;159
12237;76;645;81;726
12238;76;416;14;430
12239;76;315;13;328
12240;76;403;10;413
12241;76;1751;65;1816
12242;76;306;15;321
12243;76;948;13;961
12244;76;883;10;893
12246;76;538;15;553
12247;76;284;7;291
12248;76;611;104;715
12249;76;194;8;202
12250;76;205;2;207
12251;76;336;7;343
12252;76;418;9;427
12253;76;1013;30;1043
12254;76;2265;75;2340
12255;76;766;28;794
12256;76;371;10;381
12257;76;788;18;806
12258;76;982;15;997
12259;76;648;17;665
12260;76;171;2;173
12261;76;122;4;126
12262;76;711;14;725
12263;76;732;23;755
12264;76;3256;92;3348
12265;76;521;14;535
12266;76;548;5;553
12267;76;627;12;639
12268;76;421;18;439
12269;76;126;3;129
12270;76;4069;122;4191
12272;76;519;13;532
12273;76;291;8;299
12274;76;112;2;114
12275;76;36;1;37
12276;76;362;13;375
12277;76;530;4;534
12278;76;183;2;185
12280;76;407;6;413
12281;76;740;22;762
12282;76;425;8;433
12283;76;485;15;500
12284;76;345;1;346
12286;76;1206;31;1237
12287;76;636;22;658
12288;76;1593;38;1631
12289;76;206;8;214
12290;76;489;10;499
12291;76;403;9;412
12292;76;417;14;431
12293;76;137;1;138
12294;76;656;18;674
12295;76;98;2;100
12296;76;529;13;542
12297;76;510;19;529
12298;76;415;8;423
12299;76;692;26;718
12300;76;11602;551;12153
12301;76;1988;46;2034
12303;76;249;5;254
12305;76;1243;22;1265
12307;76;295;15;310
13001;93;145133;3203;148336
13002;93;21372;225;21597
13003;93;2626;54;2680
13004;93;50454;789;51243
13005;93;47535;451;47986
13006;93;1545;26;1571
13007;93;12922;162;13084
13008;93;563;16;579
13009;93;828;33;861
13010;93;4192;162;4354
13011;93;342;7;349
13012;93;593;55;648
13013;93;1916;35;1951
13014;93;13660;77;13737
13015;93;14838;305;15143
13016;93;6270;83;6353
13017;93;1509;18;1527
13018;93;4439;59;4498
13019;93;9918;324;10242
13020;93;2168;44;2212
13021;93;5690;127;5817
13022;93;6905;108;7013
13023;93;4729;109;4838
13024;93;2669;36;2705
13025;93;2380;76;2456
13026;93;17606;61;17667
13027;93;16063;252;16315
13028;93;35993;381;36374
13029;93;1437;23;1460
13030;93;5244;55;5299
13031;93;3768;44;3812
13032;93;8030;143;8173
13033;93;5783;99;5882
13034;93;1740;28;1768
13035;93;6844;161;7005
13036;93;4496;128;4624
13037;93;8744;104;8848
13038;93;3544;71;3615
13039;93;15687;183;15870
13040;93;10161;188;10349
13041;93;21521;338;21859
13042;93;6635;128;6763
13043;93;9887;90;9977
13044;93;5196;84;5280
13045;93;4856;73;4929
13046;93;4271;78;4349
13047;93;43626;657;44283
13048;93;4406;98;4504
13049;93;2037;41;2078
13050;93;9909;266;10175
13051;93;8941;120;9061
13052;93;2667;33;2700
13053;93;6134;156;6290
13054;93;32384;228;32612
13056;93;48574;516;49090
13057;93;517;11;528
13058;93;2362;50;2412
13059;93;3855;53;3908
13060;93;5821;91;5912
13061;93;215;5;220
13062;93;4213;74;4287
13063;93;26428;400;26828
13064;93;2656;29;2685
13065;93;3410;49;3459
13066;93;5847;68;5915
13067;93;2821;34;2855
13068;93;2110;36;2146
13069;93;10487;267;10754
13070;93;6519;61;6580
13071;93;21623;287;21910
13072;93;3540;94;3634
13073;93;5598;78;5676
13074;93;5134;89;5223
13075;93;11649;103;11752
13076;93;3515;49;3564
13077;93;16651;127;16778
13078;93;8424;80;8504
13079;93;1783;103;1886
13080;93;5882;90;5972
13081;93;12086;123;12209
13082;93;4637;126;4763
13083;93;4058;58;4116
13084;93;5426;120;5546
13085;93;6015;74;6089
13086;93;8713;124;8837
13087;93;4918;140;5058
13088;93;5145;48;5193
13089;93;3346;51;3397
13090;93;123;4;127
13091;93;5638;114;5752
13092;93;8591;129;8720
13093;93;379;8;387
13094;93;2497;45;2542
13095;93;1236;68;1304
13096;93;2144;21;2165
13097;93;13413;299;13712
13098;93;5820;110;5930
13099;93;885;13;898
13100;93;9769;223;9992
13101;93;3443;59;3502
13102;93;6631;52;6683
13103;93;45386;584;45970
13104;93;7581;144;7725
13105;93;6894;86;6980
13106;93;11196;95;11291
13107;93;5808;122;5930
13108;93;15811;142;15953
13109;93;2271;56;2327
13110;93;10303;150;10453
13111;93;1007;20;1027
13112;93;8582;151;8733
13113;93;8400;184;8584
13114;93;5407;137;5544
13115;93;2028;40;2068
13116;93;819;17;836
13117;93;33333;368;33701
13118;93;3702;52;3754
13119;93;6498;84;6582
13201;93;39893;200;40093
13202;93;25217;58;25275
13203;93;51792;194;51986
13204;93;49296;303;49599
13205;93;46152;279;46431
13206;93;42135;406;42541
13207;93;34697;313;35010
13208;93;81436;1254;82690
13209;93;76633;654;77287
13210;93;58491;340;58831
13211;93;57278;443;57721
13212;93;61406;552;61958
13213;93;91358;717;92075
13214;93;61702;252;61954
13215;93;77243;299;77542
13216;93;16002;100;16102
14001;28;1212;45;1257
14003;28;304;7;311
14005;28;1723;38;1761
14006;28;1046;21;1067
14007;28;231;4;235
14009;28;1356;19;1375
14011;28;1894;38;1932
14012;28;192;1;193
14014;28;1206;34;1240
14015;28;738;22;760
14016;28;484;14;498
14019;28;219;3;222
14020;28;3795;30;3825
14021;28;473;11;484
14022;28;584;8;592
14023;28;68;1;69
14024;28;591;12;603
14025;28;308;3;311
14026;28;1109;20;1129
14027;28;4595;67;4662
14030;28;1696;49;1745
14032;28;275;11;286
14033;28;216;2;218
14034;28;569;2;571
14035;28;1374;57;1431
14036;28;172;1;173
14037;28;565;13;578
14038;28;789;9;798
14039;28;824;18;842
14040;28;189;3;192
14041;28;124;2;126
14042;28;975;21;996
14043;28;70;0;70
14044;28;1073;18;1091
14045;28;252;2;254
14046;28;1923;14;1937
14047;28;12682;329;13011
14049;28;139;2;141
14050;28;181;2;183
14053;28;172;3;175
14054;28;200;3;203
14055;28;405;9;414
14057;28;1477;8;1485
14059;28;414;32;446
14060;28;2042;26;2068
14061;28;8950;157;9107
14062;28;447;7;454
14063;28;214;1;215
14064;28;224;7;231
14066;28;2274;35;2309
14068;28;3561;85;3646
14069;28;1338;27;1365
14070;28;194;2;196
14076;28;5855;73;5928
14077;28;719;55;774
14078;28;370;4;374
14079;28;1553;35;1588
14080;28;124;5;129
14082;28;189;9;198
14083;28;666;15;681
14084;28;403;9;412
14085;28;795;21;816
14086;28;325;13;338
14087;28;125;1;126
14088;28;406;7;413
14089;28;394;9;403
14090;28;736;6;742
14091;28;102;1;103
14092;28;2186;24;2210
14093;28;198;5;203
14096;28;226;6;232
14097;28;305;4;309
14098;28;6120;100;6220
14100;28;1913;24;1937
14101;28;4005;72;4077
14102;28;1012;23;1035
14103;28;408;7;415
14104;28;166;4;170
14106;28;660;6;666
14107;28;164;0;164
14110;28;125;2;127
14111;28;438;6;444
14116;28;109;5;114
14117;28;3558;31;3589
14118;28;106230;2174;108404
14119;28;1966;21;1987
14120;28;1396;23;1419
14121;28;252;1;253
14122;28;158;1;159
14123;28;2021;48;2069
14124;28;546;10;556
14125;28;1753;49;1802
14126;28;1334;36;1370
14127;28;548;4;552
14130;28;186;1;187
14131;28;228;4;232
14132;28;204;0;204
14134;28;186;5;191
14135;28;281;2;283
14136;28;101;0;101
14137;28;2886;25;2911
14138;28;292;6;298
14140;28;349;6;355
14141;28;163;2;165
14143;28;2372;25;2397
14145;28;525;4;529
14146;28;169;4;173
14147;28;140;1;141
14149;28;422;13;435
14150;28;1338;27;1365
14159;28;220;13;233
14160;28;188;6;194
14161;28;342;16;358
14162;28;1305;15;1320
14163;28;382;3;385
14165;28;174;4;178
14166;28;2555;44;2599
14167;28;6976;52;7028
14168;28;207;5;212
14169;28;159;0;159
14171;28;144;1;145
14172;28;432;10;442
14173;28;440;14;454
14174;28;6452;274;6726
14175;28;292;5;297
14177;28;848;17;865
14179;28;164;5;169
14180;28;156;3;159
14181;28;4957;45;5002
14182;28;404;6;410
14183;28;103;1;104
14184;28;229;0;229
14190;28;128;5;133
14191;28;4196;54;4250
14193;28;655;20;675
14194;28;648;10;658
14195;28;261;1;262
14196;28;208;6;214
14197;28;1116;27;1143
14198;28;255;9;264
14200;28;2261;79;2340
14202;28;267;6;273
14203;28;192;7;199
14204;28;179;2;181
14205;28;217;6;223
14206;28;298;0;298
14207;28;646;9;655
14209;28;512;10;522
14211;28;360;4;364
14214;28;190;2;192
14215;28;2259;34;2293
14216;28;238;3;241
14218;28;403;6;409
14220;28;3565;60;3625
14221;28;3117;45;3162
14223;28;87;2;89
14224;28;49;2;51
14225;28;5276;169;5445
14226;28;299;2;301
14227;28;210;6;216
14228;28;4973;204;5177
14229;28;2293;22;2315
14230;28;116;1;117
14231;28;446;12;458
14232;28;168;3;171
14236;28;585;7;592
14237;28;618;7;625
14238;28;109;2;111
14239;28;107;0;107
14240;28;511;12;523
14241;28;621;15;636
14242;28;1623;24;1647
14243;28;1587;6;1593
14244;28;312;11;323
14245;28;320;11;331
14246;28;807;6;813
14248;28;250;5;255
14249;28;1431;10;1441
14250;28;283;6;289
14251;28;539;6;545
14252;28;260;3;263
14254;28;1653;27;1680
14256;28;336;5;341
14257;28;2013;27;2040
14258;28;7968;250;8218
14260;28;245;7;252
14261;28;338;7;345
14266;28;1439;23;1462
14269;28;226;4;230
14270;28;398;16;414
14271;28;4938;69;5007
14272;28;96;2;98
14273;28;136;1;137
14274;28;2617;64;2681
14275;28;464;6;470
14276;28;355;4;359
14277;28;1941;13;1954
14278;28;1199;18;1217
14280;28;256;9;265
14281;28;735;14;749
14282;28;208;6;214
14283;28;224;7;231
14284;28;156;4;160
14285;28;71;2;73
14286;28;484;20;504
14287;28;1970;14;1984
14288;28;933;24;957
14289;28;584;13;597
14290;28;812;8;820
14291;28;289;4;293
14293;28;274;6;280
14297;28;584;7;591
14298;28;135;3;138
14299;28;835;18;853
14300;28;52;0;52
14301;28;4916;47;4963
14302;28;166;14;180
14303;28;919;20;939
14304;28;882;35;917
14305;28;678;13;691
14306;28;390;5;395
14308;28;268;0;268
14309;28;840;4;844
14310;28;706;7;713
14311;28;1045;9;1054
14312;28;1536;24;1560
14316;28;265;3;268
14318;28;728;7;735
14319;28;973;8;981
14320;28;283;7;290
14322;28;245;5;250
14325;28;3110;42;3152
14326;28;808;39;847
14327;28;22555;275;22830
14328;28;1345;9;1354
14329;28;109;4;113
14332;28;667;11;678
14333;28;6733;200;6933
14334;28;316;6;322
14335;28;300;3;303
14336;28;476;5;481
14337;28;329;10;339
14338;28;1711;37;1748
14341;28;11696;193;11889
14342;28;3610;43;3653
14343;28;66;0;66
14344;28;379;9;388
14345;28;301;2;303
14346;28;679;14;693
14347;28;1041;12;1053
14348;28;81;1;82
14349;28;2116;21;2137
14352;28;841;20;861
14353;28;451;5;456
14354;28;1934;48;1982
14355;28;1191;20;1211
14357;28;910;22;932
14358;28;89;2;91
14360;28;216;2;218
14362;28;160;0;160
14364;28;465;13;478
14365;28;2536;40;2576
14366;28;20038;654;20692
14367;28;437;5;442
14368;28;262;11;273
14369;28;288;3;291
14370;28;3016;39;3055
14371;28;6220;110;6330
14374;28;142;2;144
14375;28;166;3;169
14377;28;592;9;601
14378;28;274;9;283
14379;28;364;5;369
14380;28;186;5;191
14381;28;61;2;63
14383;28;2683;38;2721
14384;28;3213;52;3265
14385;28;164;9;173
14389;28;263;9;272
14390;28;189;4;193
14391;28;393;4;397
14393;28;366;7;373
14394;28;428;14;442
14396;28;1024;15;1039
14397;28;335;6;341
14398;28;547;16;563
14399;28;275;11;286
14400;28;217;3;220
14401;28;132;6;138
14402;28;109;2;111
14403;28;745;21;766
14404;28;120;2;122
14405;28;325;7;332
14406;28;1116;27;1143
14407;28;2286;56;2342
14408;28;2014;14;2028
14409;28;2186;35;2221
14410;28;1080;7;1087
14411;28;309;6;315
14412;28;83;2;85
14419;28;257;9;266
14421;28;607;6;613
14424;28;190;3;193
14425;28;164;6;170
14426;28;160;7;167
14427;28;294;3;297
14430;28;137;3;140
14431;28;9586;113;9699
14435;28;198;3;201
14436;28;558;5;563
14437;28;9973;244;10217
14438;28;545;10;555
14439;28;90;2;92
14445;28;95;2;97
14446;28;98;2;100
14448;28;64;0;64
14449;28;408;5;413
14452;28;626;10;636
14453;28;352;7;359
14454;28;1626;22;1648
14455;28;285;2;287
14456;28;3273;45;3318
14457;28;128;1;129
14458;28;533;58;591
14460;28;1353;31;1384
14461;28;470;2;472
14465;28;501;13;514
14466;28;342;9;351
14467;28;320;7;327
14468;28;363;6;369
14469;28;91;3;94
14473;28;112;3;115
14474;28;201;3;204
14475;28;2352;43;2395
14476;28;178;3;181
14478;28;1967;50;2017
14480;28;521;7;528
14482;28;238;2;240
14483;28;191;3;194
14484;28;245;4;249
14486;28;570;9;579
14487;28;774;23;797
14488;28;9344;118;9462
14491;28;196;11;207
14492;28;313;7;320
14494;28;129;7;136
14495;28;548;11;559
14496;28;57;4;61
14497;28;333;7;340
14498;28;240;4;244
14499;28;534;5;539
14500;28;159;6;165
14501;28;247;5;252
14502;28;89;1;90
14504;28;813;21;834
14506;28;246;3;249
14509;28;212;5;217
14510;28;55;3;58
14511;28;67;0;67
14512;28;73;0;73
14514;28;4627;70;4697
14515;28;1938;17;1955
14516;28;2079;19;2098
14519;28;126;0;126
14520;28;867;23;890
14522;28;391;7;398
14524;28;294;5;299
14527;28;538;8;546
14528;28;391;5;396
14529;28;262;3;265
14530;28;1909;27;1936
14531;28;48;0;48
14533;28;96;4;100
14534;28;391;6;397
14535;28;554;12;566
14536;28;2547;43;2590
14538;28;1650;31;1681
14540;28;289;14;303
14541;28;121;1;122
14542;28;535;11;546
14543;28;2448;71;2519
14546;28;222;2;224
14547;28;158;3;161
14550;28;94;1;95
14552;28;505;14;519
14554;28;1659;10;1669
14555;28;452;6;458
14556;28;1822;23;1845
14557;28;1132;12;1144
14558;28;1093;15;1108
14559;28;229;1;230
14562;28;2237;41;2278
14563;28;430;9;439
14565;28;259;4;263
14566;28;2525;52;2577
14569;28;236;6;242
14570;28;2507;44;2551
14571;28;305;5;310
14572;28;788;7;795
14574;28;1751;88;1839
14575;28;389;25;414
14576;28;524;13;537
14578;28;1352;30;1382
14579;28;1321;24;1345
14582;28;735;24;759
14586;28;164;6;170
14587;28;2298;42;2340
14588;28;330;3;333
14589;28;950;9;959
14590;28;133;1;134
14591;28;732;10;742
14592;28;1340;22;1362
14593;28;688;10;698
14595;28;237;5;242
14598;28;230;4;234
14601;28;168;5;173
14602;28;270;3;273
14603;28;508;8;516
14605;28;265;8;273
14606;28;211;2;213
14607;28;145;1;146
14609;28;545;9;554
14610;28;1955;115;2070
14613;28;94;1;95
14614;28;779;13;792
14619;28;124;2;126
14620;28;422;9;431
14621;28;436;7;443
14622;28;127;6;133
14623;28;2523;19;2542
14625;28;772;14;786
14626;28;930;21;951
14627;28;398;8;406
14630;28;705;18;723
14635;28;187;2;189
14637;28;204;3;207
14639;28;257;9;266
14640;28;237;1;238
14643;28;831;14;845
14644;28;654;14;668
14645;28;163;9;172
14646;28;439;9;448
14648;28;453;19;472
14649;28;475;10;485
14650;28;190;4;194
14651;28;261;2;263
14652;28;79;2;81
14654;28;7329;340;7669
14656;28;988;16;1004
14657;28;313;4;317
14658;28;4357;97;4454
14659;28;1428;24;1452
14660;28;94;3;97
14661;28;154;1;155
14663;28;2490;52;2542
14664;28;311;4;315
14665;28;294;4;298
14666;28;1906;27;1933
14667;28;222;4;226
14668;28;318;3;321
14669;28;207;2;209
14672;28;874;15;889
14674;28;128;3;131
14675;28;2036;25;2061
14676;28;993;23;1016
14677;28;254;6;260
14678;28;562;8;570
14679;28;666;21;687
14680;28;153;6;159
14681;28;151;4;155
14682;28;452;13;465
14684;28;253;3;256
14685;28;1726;33;1759
14687;28;192;3;195
14689;28;3629;48;3677
14692;28;1744;21;1765
14694;28;510;19;529
14698;28;391;1;392
14699;28;3731;67;3798
14700;28;664;9;673
14701;28;782;19;801
14705;28;152;1;153
14706;28;240;11;251
14707;28;1118;14;1132
14708;28;297;7;304
14709;28;346;7;353
14710;28;105;0;105
14711;28;917;10;927
14712;28;3459;91;3550
14713;28;577;11;588
14714;28;785;10;795
14715;28;4603;89;4692
14716;28;210;3;213
14719;28;700;7;707
14720;28;857;28;885
14721;28;648;9;657
14723;28;270;4;274
14724;28;997;12;1009
14726;28;5755;117;5872
14728;28;563;7;570
14731;28;188;13;201
14732;28;307;11;318
14733;28;312;9;321
14734;28;333;8;341
14735;28;800;11;811
14737;28;500;8;508
14738;28;3636;54;3690
14739;28;1645;36;1681
14740;28;1181;18;1199
14741;28;121;3;124
14742;28;72;0;72
14743;28;88;3;91
14744;28;299;4;303
14745;28;230;4;234
14747;28;678;8;686
14748;28;74;1;75
14751;28;295;9;304
14752;28;3160;37;3197
14753;28;740;22;762
14754;28;2543;58;2601
14755;28;593;13;606
14756;28;231;3;234
14758;28;777;25;802
14759;28;269;10;279
14760;28;742;6;748
14761;28;817;15;832
14762;28;16590;891;17481
14764;28;975;16;991
15001;84;799;9;808
15002;84;223;4;227
15003;84;599;12;611
15004;84;472;9;481
15005;84;350;16;366
15006;84;731;28;759
15007;84;121;7;128
15008;84;285;1;286
15009;84;186;6;192
15010;84;190;3;193
15011;84;182;3;185
15012;84;6279;192;6471
15013;84;147;0;147
15014;84;25593;1283;26876
15015;84;167;4;171
15016;84;629;14;643
15017;84;145;6;151
15018;84;132;1;133
15019;84;235;4;239
15020;84;97;4;101
15021;84;634;16;650
15022;84;163;6;169
15024;84;76;0;76
15025;84;240;7;247
15026;84;183;1;184
15027;84;745;14;759
15028;84;356;9;365
15029;84;507;16;523
15030;84;294;7;301
15032;84;60;3;63
15033;84;215;4;219
15034;84;145;6;151
15036;84;470;8;478
15037;84;1056;24;1080
15038;84;1030;25;1055
15040;84;98;7;105
15041;84;252;5;257
15042;84;254;4;258
15043;84;87;2;89
15045;84;841;11;852
15046;84;218;3;221
15048;84;31;1;32
15049;84;221;5;226
15050;84;170;2;172
15051;84;209;5;214
15052;84;156;12;168
15053;84;439;10;449
15054;84;989;24;1013
15055;84;442;12;454
15056;84;856;20;876
15057;84;189;4;193
15058;84;147;0;147
15059;84;121;7;128
15060;84;51;1;52
15061;84;272;4;276
15063;84;332;14;346
15064;84;83;1;84
15065;84;79;1;80
15066;84;117;2;119
15067;84;28;1;29
15069;84;248;2;250
15070;84;200;3;203
15072;84;222;6;228
15073;84;92;2;94
15074;84;763;21;784
15075;84;74;4;78
15076;84;171;4;175
15077;84;61;0;61
15078;84;155;2;157
15079;84;372;9;381
15080;84;147;4;151
15081;84;98;2;100
15082;84;297;11;308
15083;84;2022;67;2089
15084;84;291;9;300
15085;84;496;12;508
15086;84;58;2;60
15087;84;360;10;370
15088;84;512;15;527
15089;84;449;8;457
15090;84;591;15;606
15091;84;90;5;95
15092;84;1405;41;1446
15093;84;99;3;102
15094;84;829;16;845
15095;84;355;3;358
15096;84;286;7;293
15097;84;111;5;116
15098;84;93;0;93
15100;84;131;2;133
15101;84;517;14;531
15102;84;107;0;107
15103;84;237;6;243
15104;84;345;9;354
15105;84;35;3;38
15106;84;156;2;158
15107;84;171;4;175
15108;84;990;23;1013
15110;84;130;6;136
15111;84;208;7;215
15112;84;92;4;96
15113;84;183;4;187
15114;84;517;7;524
15116;84;154;11;165
15117;84;593;68;661
15118;84;726;31;757
15119;84;1797;66;1863
15120;84;3498;218;3716
15121;84;108;1;109
15122;84;2111;60;2171
15123;84;164;2;166
15124;84;532;23;555
15125;84;128;3;131
15126;84;81;2;83
15127;84;281;3;284
15128;84;120;3;123
15129;84;174;6;180
15130;84;140;4;144
15131;84;286;12;298
15132;84;45;0;45
15133;84;135;1;136
15134;84;815;12;827
15135;84;115;6;121
15137;84;267;7;274
15138;84;1845;99;1944
15139;84;68;0;68
15140;84;2113;58;2171
15141;84;1804;30;1834
15142;84;1735;40;1775
15143;84;102;1;103
15144;84;330;10;340
15146;84;126;5;131
15147;84;450;9;459
15148;84;432;11;443
15149;84;257;3;260
15151;84;151;0;151
15152;84;898;18;916
15153;84;1463;36;1499
15154;84;1188;24;1212
15155;84;87;2;89
15156;84;685;15;700
15157;84;351;43;394
15158;84;103;2;105
15159;84;269;8;277
15160;84;1094;22;1116
15161;84;108;2;110
15162;84;2479;62;2541
15163;84;1098;31;1129
15164;84;627;18;645
15165;84;203;3;206
15166;84;314;10;324
15167;84;117;8;125
15168;84;712;25;737
15169;84;820;16;836
15170;84;231;4;235
15172;84;93;1;94
15173;84;115;5;120
15174;84;271;6;277
15175;84;1070;27;1097
15176;84;242;9;251
15178;84;142;7;149
15179;84;249;4;253
15180;84;75;3;78
15181;84;577;11;588
15182;84;133;3;136
15183;84;135;0;135
15184;84;785;19;804
15185;84;243;11;254
15186;84;229;3;232
15187;84;6458;542;7000
15188;84;1198;31;1229
15189;84;222;7;229
15190;84;104;3;107
15191;84;644;9;653
15192;84;293;4;297
15194;84;105;6;111
15196;84;1548;53;1601
15198;84;108;1;109
15199;84;75;0;75
15200;84;146;3;149
15201;84;226;3;229
15202;84;717;17;734
15203;84;174;3;177
15204;84;1539;42;1581
15205;84;105;5;110
15206;84;142;2;144
15207;84;362;12;374
15208;84;135;4;139
15209;84;124;5;129
15211;84;298;5;303
15212;84;359;15;374
15213;84;203;4;207
15214;84;178;5;183
15215;84;1121;37;1158
15216;84;402;14;416
15217;84;106;3;109
15218;84;68;2;70
15219;84;325;5;330
15220;84;145;2;147
15221;84;1368;34;1402
15222;84;217;10;227
15223;84;214;6;220
15224;84;132;13;145
15225;84;212;4;216
15226;84;204;4;208
15228;84;462;10;472
15229;84;81;2;83
15230;84;197;9;206
15231;84;596;20;616
15232;84;228;7;235
15233;84;301;5;306
15234;84;330;6;336
15235;84;573;23;596
15236;84;602;14;616
15237;84;172;6;178
15238;84;128;3;131
15240;84;173;7;180
15241;84;48;3;51
15242;84;101;3;104
15243;84;503;9;512
15244;84;473;10;483
15245;84;252;4;256
15246;84;235;2;237
15247;84;23;0;23
15248;84;564;12;576
15249;84;64;2;66
15250;84;509;18;527
15251;84;141;6;147
15252;84;413;18;431
15253;84;65;1;66
15254;84;119;2;121
15255;84;1249;35;1284
15256;84;52;5;57
15257;84;125;4;129
15258;84;1838;36;1874
15259;84;244;3;247
15260;84;108;4;112
15261;84;825;21;846
15262;84;562;11;573
15263;84;124;5;129
15264;84;269;6;275
15265;84;1644;28;1672
15266;84;551;10;561
15267;84;4335;106;4441
15268;84;1233;26;1259
15269;84;130;3;133
16001;75;503;1;504
16002;75;523;8;531
16003;75;857;10;867
16005;75;1579;39;1618
16007;75;463;11;474
16008;75;310;2;312
16009;75;380;6;386
16010;75;167;4;171
16011;75;568;21;589
16012;75;503;9;512
16013;75;319;8;327
16014;75;128;0;128
16015;75;41603;1687;43290
16016;75;827;23;850
16018;75;709;18;727
16019;75;1248;23;1271
16020;75;347;4;351
16023;75;590;11;601
16024;75;515;9;524
16025;75;1237;31;1268
16026;75;1359;27;1386
16027;75;126;3;129
16028;75;4714;177;4891
16029;75;226;5;231
16030;75;1052;22;1074
16031;75;410;11;421
16032;75;517;7;524
16034;75;144;2;146
16035;75;199;5;204
16036;75;291;9;300
16037;75;141;5;146
16038;75;310;8;318
16039;75;474;12;486
16040;75;305;6;311
16041;75;111;1;112
16042;75;110;7;117
16044;75;215;7;222
16045;75;366;6;372
16046;75;1003;12;1015
16047;75;295;6;301
16048;75;129;0;129
16049;75;375;8;383
16050;75;251;8;259
16052;75;246;3;249
16053;75;119;1;120
16054;75;175;1;176
16055;75;892;11;903
16056;75;891;18;909
16057;75;320;6;326
16058;75;1410;51;1461
16059;75;176;5;181
16060;75;454;12;466
16061;75;4233;82;4315
16062;75;137;1;138
16063;75;159;0;159
16064;75;1115;17;1132
16065;75;621;6;627
16066;75;464;8;472
16067;75;465;10;475
16068;75;565;6;571
16069;75;388;3;391
16070;75;1568;32;1600
16071;75;591;16;607
16072;75;511;10;521
16073;75;1776;31;1807
16074;75;333;8;341
16075;75;244;3;247
16076;75;878;9;887
16077;75;491;9;500
16078;75;5149;118;5267
16079;75;347;3;350
16081;75;215;5;220
16082;75;673;12;685
16083;75;340;6;346
16084;75;334;3;337
16085;75;3083;272;3355
16086;75;864;17;881
16087;75;142;2;144
16088;75;1105;38;1143
16089;75;3746;66;3812
16090;75;3537;64;3601
16091;75;172;2;174
16093;75;1587;26;1613
16095;75;130;4;134
16096;75;418;3;421
16097;75;2299;100;2399
16098;75;141;2;143
16099;75;221;1;222
16100;75;767;14;781
16101;75;1052;18;1070
16102;75;18670;434;19104
16103;75;123;5;128
16104;75;470;9;479
16105;75;620;5;625
16106;75;2712;154;2866
16107;75;534;6;540
16108;75;131;1;132
16109;75;763;8;771
16110;75;777;21;798
16111;75;178;3;181
16112;75;57;2;59
16113;75;7764;260;8024
16114;75;165;3;168
16116;75;390;9;399
16117;75;120;3;123
16118;75;138;0;138
16119;75;1355;15;1370
16120;75;1520;21;1541
16121;75;440;13;453
16122;75;140;4;144
16123;75;488;10;498
16124;75;569;10;579
16125;75;263;3;266
16127;75;95;3;98
16128;75;174;6;180
16130;75;186;7;193
16131;75;497;7;504
16132;75;990;9;999
16133;75;198;3;201
16134;75;1014;27;1041
16135;75;314;4;318
16136;75;572;12;584
16137;75;312;6;318
16138;75;3818;105;3923
16139;75;239;2;241
16140;75;438;15;453
16141;75;321;12;333
16142;75;200;4;204
16143;75;704;13;717
16144;75;421;6;427
16145;75;639;19;658
16146;75;2108;35;2143
16147;75;264;6;270
16148;75;1011;14;1025
16150;75;1594;43;1637
16151;75;886;21;907
16152;75;719;20;739
16153;75;1168;22;1190
16154;75;6119;115;6234
16155;75;110;1;111
16157;75;162;3;165
16158;75;308;5;313
16160;75;482;7;489
16161;75;165;3;168
16162;75;182;0;182
16163;75;1145;21;1166
16164;75;243;2;245
16165;75;367;4;371
16166;75;5626;153;5779
16167;75;4434;134;4568
16168;75;813;8;821
16169;75;563;8;571
16170;75;399;2;401
16171;75;651;13;664
16173;75;180;4;184
16174;75;511;11;522
16175;75;1390;34;1424
16176;75;305;7;312
16177;75;118;2;120
16178;75;186;5;191
16180;75;247;6;253
16181;75;523;11;534
16182;75;453;13;466
16183;75;178;4;182
16184;75;87;1;88
16185;75;157;2;159
16186;75;552;17;569
16187;75;2092;47;2139
16188;75;341;4;345
16189;75;254;6;260
16190;75;186;6;192
16191;75;181;1;182
16192;75;3900;107;4007
16193;75;991;17;1008
16194;75;104;1;105
16195;75;294;8;302
16196;75;723;9;732
16197;75;110;7;117
16198;75;445;5;450
16199;75;3223;69;3292
16200;75;482;4;486
16203;75;115;0;115
16204;75;1298;35;1333
16205;75;540;5;545
16206;75;1692;17;1709
16207;75;492;9;501
16208;75;398;4;402
16209;75;824;9;833
16210;75;817;10;827
16211;75;561;7;568
16212;75;391;6;397
16213;75;295;5;300
16215;75;155;5;160
16216;75;843;14;857
16217;75;1101;24;1125
16218;75;409;12;421
16220;75;716;15;731
16221;75;238;4;242
16222;75;328;7;335
16223;75;2009;28;2037
16224;75;714;18;732
16225;75;650;31;681
16226;75;717;9;726
16227;75;139;0;139
16229;75;242;4;246
16230;75;2564;100;2664
16231;75;321;2;323
16232;75;2151;50;2201
16233;75;1004;17;1021
16234;75;731;8;739
16236;75;2397;73;2470
16237;75;223;0;223
16238;75;117;0;117
16239;75;134;2;136
16240;75;99;0;99
16241;75;207;4;211
16242;75;1382;17;1399
16243;75;1047;21;1068
16244;75;2348;54;2402
16245;75;932;23;955
16246;75;266;8;274
16248;75;152;1;153
16249;75;403;3;406
16250;75;220;2;222
16251;75;253;6;259
16252;75;152;3;155
16253;75;362;3;365
16254;75;221;8;229
16255;75;141;5;146
16256;75;240;11;251
16258;75;483;9;492
16260;75;271;7;278
16261;75;467;17;484
16263;75;400;5;405
16264;75;323;6;329
16267;75;89;1;90
16268;75;209;2;211
16269;75;898;10;908
16270;75;344;5;349
16271;75;2369;146;2515
16272;75;543;9;552
16273;75;124;6;130
16275;75;175;2;177
16276;75;761;17;778
16277;75;595;11;606
16279;75;225;3;228
16280;75;1996;31;2027
16281;75;3977;159;4136
16282;75;534;11;545
16283;75;570;7;577
16284;75;120;1;121
16285;75;406;5;411
16286;75;2964;49;3013
16287;75;4277;69;4346
16289;75;294;2;296
16290;75;242;4;246
16291;75;7305;200;7505
16292;75;3372;150;3522
16293;75;492;7;499
16295;75;1333;24;1357
16297;75;329;12;341
16298;75;373;5;378
16300;75;1308;16;1324
16301;75;229;3;232
16302;75;216;2;218
16303;75;406;12;418
16304;75;963;35;998
16306;75;317;8;325
16307;75;333;14;347
16308;75;1053;24;1077
16310;75;216;2;218
16312;75;823;13;836
16315;75;107;1;108
16316;75;385;6;391
16317;75;439;5;444
16318;75;366;2;368
16320;75;896;17;913
16321;75;46;0;46
16323;75;471;11;482
16325;75;132;3;135
16326;75;135;0;135
16329;75;782;15;797
16330;75;826;28;854
16331;75;89;3;92
16334;75;126;3;129
16335;75;124;3;127
16336;75;343;3;346
16337;75;895;30;925
16338;75;319;5;324
16339;75;802;19;821
16340;75;1032;28;1060
16341;75;3218;39;3257
16342;75;299;7;306
16343;75;296;9;305
16345;75;218;2;220
16346;75;248;8;256
16347;75;508;12;520
16348;75;1296;32;1328
16349;75;513;11;524
16350;75;796;10;806
16352;75;216;8;224
16353;75;787;16;803
16354;75;121;3;124
16355;75;1192;16;1208
16356;75;31;0;31
16357;75;136;2;138
16358;75;7381;246;7627
16359;75;1011;27;1038
16360;75;403;85;488
16361;75;313;6;319
16362;75;326;12;338
16363;75;524;10;534
16364;75;64;2;66
16365;75;106;0;106
16366;75;2074;77;2151
16368;75;888;21;909
16369;75;982;20;1002
16370;75;1160;41;1201
16372;75;127;2;129
16373;75;196;6;202
16374;75;9761;312;10073
16375;75;386;6;392
16377;75;116;0;116
16378;75;573;15;588
16379;75;1486;27;1513
16380;75;410;3;413
16381;75;164;2;166
16382;75;721;31;752
16383;75;758;10;768
16384;75;581;7;588
16385;75;1165;26;1191
16387;75;466;63;529
16388;75;940;22;962
16389;75;87;2;89
16390;75;222;7;229
16392;75;189;6;195
16393;75;2168;33;2201
16394;75;83;2;85
16395;75;297;4;301
16396;75;124;0;124
16397;75;374;7;381
16398;75;99;5;104
16399;75;346;9;355
16400;75;620;11;631
16401;75;146;2;148
16402;75;283;5;288
16403;75;127;3;130
16404;75;109;2;111
16405;75;165;9;174
16406;75;770;15;785
16408;75;717;19;736
16409;75;982;11;993
16412;75;338;1;339
16413;75;136;2;138
16414;75;312;4;316
16415;75;1099;20;1119
16416;75;506;8;514
16418;75;1547;28;1575
16419;75;328;2;330
16420;75;242;4;246
16421;75;411;6;417
16422;75;811;8;819
16423;75;254;4;258
16424;75;525;8;533
16425;75;557;11;568
17002;75;133;4;137
17003;75;4143;74;4217
17004;75;207;5;212
17005;75;196;1;197
17006;75;252;4;256
17007;75;313;7;320
17008;75;2272;33;2305
17009;75;1147;9;1156
17010;75;4050;101;4151
17011;75;394;4;398
17012;75;155;5;160
17013;75;340;8;348
17015;75;760;9;769
17016;75;782;12;794
17017;75;670;13;683
17018;75;855;13;868
17019;75;1302;24;1326
17020;75;349;4;353
17021;75;3566;84;3650
17022;75;1006;23;1029
17023;75;373;7;380
17024;75;1333;25;1358
17025;75;704;29;733
17026;75;385;5;390
17027;75;471;7;478
17028;75;9247;167;9414
17029;75;209;1;210
17030;75;545;5;550
17031;75;195;2;197
17032;75;804;17;821
17033;75;496;5;501
17034;75;463;7;470
17035;75;112;2;114
17036;75;780;14;794
17037;75;650;9;659
17038;75;692;6;698
17039;75;211;1;212
17041;75;1679;16;1695
17042;75;443;9;452
17043;75;746;13;759
17044;75;1149;22;1171
17045;75;1030;18;1048
17046;75;387;8;395
17047;75;237;1;238
17048;75;321;4;325
17049;75;79;5;84
17050;75;517;144;661
17051;75;2272;30;2302
17052;75;693;9;702
17053;75;1322;27;1349
17054;75;204;9;213
17055;75;361;4;365
17056;75;600;14;614
17057;75;916;16;932
17058;75;3506;126;3632
17059;75;1375;25;1400
17060;75;228;5;233
17061;75;137;2;139
17062;75;216;3;219
17063;75;453;7;460
17064;75;3010;63;3073
17065;75;1777;53;1830
17066;75;235;2;237
17067;75;173;4;177
17068;75;243;3;246
17069;75;232;6;238
17070;75;934;14;948
17071;75;511;9;520
17072;75;1303;26;1329
17073;75;1277;44;1321
17074;75;1053;15;1068
17075;75;1386;23;1409
17076;75;321;3;324
17077;75;1235;20;1255
17078;75;511;7;518
17079;75;1610;33;1643
17080;75;961;12;973
17081;75;372;7;379
17082;75;527;8;535
17083;75;619;12;631
17084;75;678;8;686
17085;75;408;6;414
17086;75;3587;83;3670
17087;75;205;2;207
17089;75;1004;26;1030
17091;75;2001;27;2028
17092;75;160;4;164
17093;75;4270;79;4349
17094;75;5900;93;5993
17095;75;215;6;221
17096;75;77;2;79
17097;75;778;15;793
17098;75;598;13;611
17099;75;635;10;645
17100;75;1118;17;1135
17101;75;331;1;332
17102;75;1263;35;1298
17104;75;1090;108;1198
17105;75;316;1;317
17106;75;313;5;318
17107;75;1455;24;1479
17108;75;407;15;422
17109;75;1438;20;1458
17110;75;977;15;992
17111;75;820;12;832
17112;75;713;16;729
17113;75;717;7;724
17114;75;212;2;214
17115;75;309;7;316
17116;75;225;5;230
17117;75;140;0;140
17118;75;348;10;358
17119;75;1127;20;1147
17120;75;1878;39;1917
17121;75;1137;19;1156
17122;75;234;4;238
17124;75;426;5;431
17125;75;462;10;472
17126;75;299;6;305
17127;75;1776;30;1806
17128;75;694;12;706
17129;75;419;6;425
17130;75;473;13;486
17131;75;2150;43;2193
17132;75;650;18;668
17133;75;896;75;971
17134;75;432;9;441
17135;75;229;2;231
17136;75;1284;28;1312
17137;75;223;3;226
17138;75;282;3;285
17139;75;336;7;343
17140;75;3144;62;3206
17141;75;470;9;479
17142;75;5638;143;5781
17143;75;703;13;716
17145;75;485;8;493
17146;75;3547;70;3617
17147;75;1376;22;1398
17148;75;459;10;469
17149;75;59;2;61
17150;75;521;7;528
17151;75;876;23;899
17152;75;874;8;882
17153;75;2076;32;2108
17154;75;712;8;720
17155;75;2618;43;2661
17156;75;129;3;132
17157;75;163;2;165
17158;75;1066;8;1074
17159;75;365;7;372
17160;75;413;13;426
17161;75;2785;40;2825
17162;75;198;1;199
17163;75;514;10;524
17164;75;2326;54;2380
17165;75;392;13;405
17166;75;1316;14;1330
17167;75;771;11;782
17168;75;3934;75;4009
17171;75;767;18;785
17172;75;2906;30;2936
17173;75;234;6;240
17174;75;909;9;918
17175;75;645;7;652
17176;75;107;4;111
17177;75;118;0;118
17178;75;70;1;71
17179;75;1772;85;1857
17180;75;89;3;92
17181;75;310;6;316
17182;75;553;11;564
17183;75;938;13;951
17184;75;587;12;599
17185;75;2100;32;2132
17186;75;963;11;974
17187;75;513;17;530
17188;75;455;9;464
17190;75;2865;56;2921
17191;75;427;9;436
17192;75;835;18;853
17193;75;2541;54;2595
17194;75;3336;75;3411
17195;75;274;5;279
17196;75;545;6;551
17197;75;3519;223;3742
17198;75;301;0;301
17199;75;158;2;160
17200;75;7098;155;7253
17201;75;480;6;486
17202;75;587;13;600
17203;75;729;9;738
17204;75;306;8;314
17205;75;395;9;404
17206;75;283;3;286
17207;75;734;17;751
17208;75;1051;15;1066
17209;75;269;4;273
17210;75;505;4;509
17211;75;751;9;760
17212;75;165;2;167
17213;75;134;4;138
17214;75;536;12;548
17215;75;47;0;47
17216;75;1012;14;1026
17217;75;291;7;298
17218;75;4505;64;4569
17219;75;6234;103;6337
17220;75;415;17;432
17221;75;930;21;951
17222;75;3130;93;3223
17223;75;181;2;183
17224;75;2160;80;2240
17225;75;2110;32;2142
17226;75;973;14;987
17227;75;221;3;224
17228;75;2992;72;3064
17229;75;219;3;222
17230;75;3123;72;3195
17231;75;106;5;111
17232;75;1530;21;1551
17233;75;325;1;326
17234;75;344;5;349
17235;75;721;14;735
17236;75;1500;29;1529
17237;75;585;4;589
17239;75;442;8;450
17240;75;3226;51;3277
17241;75;1565;19;1584
17242;75;869;13;882
17243;75;1229;10;1239
17244;75;690;8;698
17245;75;911;13;924
17246;75;517;7;524
17247;75;855;12;867
17248;75;916;20;936
17249;75;175;1;176
17250;75;476;5;481
17252;75;304;7;311
17253;75;1349;16;1365
17254;75;187;4;191
17255;75;798;12;810
17256;75;324;12;336
17257;75;683;6;689
17258;75;302;5;307
17259;75;153;2;155
17260;75;466;5;471
17261;75;312;6;318
17262;75;1262;22;1284
17263;75;585;11;596
17264;75;5859;148;6007
17265;75;1208;20;1228
17266;75;719;7;726
17267;75;1165;15;1180
17268;75;191;7;198
17269;75;687;7;694
17270;75;619;14;633
17271;75;322;6;328
17273;75;1017;13;1030
17274;75;8684;188;8872
17275;75;774;26;800
17276;75;75;1;76
17277;75;1092;86;1178
17278;75;761;9;770
17279;75;626;13;639
17280;75;731;16;747
17281;75;159;3;162
17282;75;213;2;215
17283;75;4203;249;4452
17284;75;1776;290;2066
17285;75;1147;27;1174
17286;75;594;10;604
17287;75;249;0;249
17288;75;315;6;321
17289;75;445;17;462
17290;75;294;9;303
17291;75;6556;124;6680
17292;75;512;5;517
17293;75;695;11;706
17294;75;201;0;201
17295;75;794;16;810
17296;75;1059;19;1078
17297;75;2305;43;2348
17298;75;986;18;1004
17299;75;23584;682;24266
17300;75;77205;2128;79333
17301;75;70;1;71
17302;75;593;9;602
17303;75;1031;17;1048
17304;75;478;5;483
17305;75;414;9;423
17306;75;18419;527;18946
17307;75;1391;32;1423
17308;75;2700;61;2761
17309;75;1895;39;1934
17310;75;1119;14;1133
17311;75;1381;24;1405
17312;75;826;14;840
17313;75;381;9;390
17314;75;894;16;910
17315;75;1362;28;1390
17316;75;397;11;408
17317;75;559;5;564
17318;75;682;11;693
17319;75;107;1;108
17320;75;413;6;419
17321;75;361;3;364
17322;75;678;4;682
17323;75;1283;22;1305
17324;75;111;0;111
17325;75;538;3;541
17326;75;286;5;291
17327;75;311;3;314
17328;75;902;11;913
17329;75;357;2;359
17330;75;1340;15;1355
17331;75;1250;50;1300
17332;75;390;6;396
17333;75;5342;116;5458
17334;75;223;4;227
17335;75;288;3;291
17336;75;2741;58;2799
17337;75;3742;54;3796
17338;75;1765;33;1798
17339;75;1278;123;1401
17340;75;1536;84;1620
17341;75;181;2;183
17342;75;421;9;430
17343;75;146;3;149
17344;75;1319;15;1334
17345;75;309;15;324
17346;75;1455;26;1481
17347;75;6796;434;7230
17348;75;691;7;698
17349;75;2975;43;3018
17350;75;873;16;889
17351;75;2026;33;2059
17353;75;2214;60;2274
17354;75;645;12;657
17355;75;503;11;514
17356;75;306;4;310
17357;75;534;8;542
17358;75;311;6;317
17359;75;1206;20;1226
17360;75;3363;106;3469
17361;75;113;5;118
17362;75;297;7;304
17363;75;545;14;559
17364;75;437;14;451
17365;75;467;9;476
17366;75;487;4;491
17367;75;157;4;161
17369;75;2215;20;2235
17372;75;78;1;79
17373;75;2302;43;2345
17374;75;243;2;245
17375;75;1201;25;1226
17376;75;1897;32;1929
17377;75;125;6;131
17378;75;434;6;440
17379;75;207;3;210
17380;75;3907;85;3992
17381;75;228;3;231
17382;75;535;6;541
17383;75;348;4;352
17384;75;259;4;263
17385;75;6634;98;6732
17386;75;353;9;362
17387;75;1896;30;1926
17388;75;256;7;263
17389;75;579;9;588
17390;75;116;1;117
17391;75;2352;49;2401
17393;75;1733;27;1760
17394;75;906;18;924
17395;75;481;8;489
17396;75;1732;29;1761
17397;75;2446;106;2552
17398;75;168;7;175
17400;75;630;13;643
17401;75;95;7;102
17402;75;155;3;158
17403;75;747;13;760
17404;75;659;19;678
17405;75;199;2;201
17406;75;413;3;416
17407;75;4846;99;4945
17408;75;886;10;896
17409;75;3309;65;3374
17410;75;575;9;584
17411;75;1145;21;1166
17412;75;675;8;683
17413;75;1359;21;1380
17414;75;5091;163;5254
17415;75;25287;1407;26694
17416;75;59;2;61
17417;75;165;1;166
17418;75;605;16;621
17420;75;2263;62;2325
17421;75;7180;117;7297
17422;75;72;0;72
17423;75;74;1;75
17424;75;382;3;385
17425;75;2405;45;2450
17426;75;252;4;256
17427;75;216;5;221
17428;75;493;10;503
17429;75;3047;30;3077
17430;75;401;7;408
17431;75;708;6;714
17432;75;365;6;371
17433;75;213;7;220
17434;75;6786;170;6956
17435;75;176;1;177
17436;75;756;23;779
17437;75;98;1;99
17438;75;303;7;310
17439;75;784;14;798
17440;75;374;8;382
17441;75;1125;24;1149
17442;75;382;3;385
17443;75;1723;44;1767
17444;75;1675;257;1932
17445;75;330;8;338
17446;75;464;6;470
17447;75;1987;31;2018
17448;75;1170;14;1184
17449;75;8097;139;8236
17450;75;230;3;233
17451;75;550;10;560
17452;75;4322;63;4385
17453;75;1470;33;1503
17454;75;375;6;381
17455;75;670;11;681
17457;75;1191;18;1209
17458;75;170;0;170
17459;75;561;10;571
17460;75;833;17;850
17461;75;3926;81;4007
17462;75;766;15;781
17463;75;1258;22;1280
17464;75;151;6;157
17465;75;590;8;598
17466;75;2296;32;2328
17467;75;235;2;237
17468;75;150;3;153
17469;75;575;12;587
17470;75;232;9;241
17471;75;210;3;213
17472;75;2278;17;2295
17473;75;117;0;117
17474;75;739;15;754
17476;75;272;3;275
17477;75;110;1;111
17478;75;58;1;59
17479;75;294;4;298
17480;75;766;10;776
17481;75;164;3;167
17482;75;644;11;655
17483;75;1490;26;1516
17484;75;1768;15;1783
17485;75;1070;13;1083
17486;75;684;6;690
18001;24;380;8;388
18002;24;191;4;195
18003;24;1889;28;1917
18004;24;1070;19;1089
18005;24;1068;21;1089
18006;24;237;2;239
18007;24;70;3;73
18008;24;500;10;510
18009;24;283;11;294
18010;24;199;7;206
18011;24;2063;40;2103
18012;24;440;5;445
18013;24;304;5;309
18014;24;148;7;155
18015;24;5502;128;5630
18016;24;400;3;403
18017;24;288;3;291
18018;24;2740;36;2776
18019;24;445;7;452
18020;24;858;13;871
18021;24;273;4;277
18022;24;345;8;353
18023;24;1665;54;1719
18024;24;99;3;102
18025;24;617;12;629
18026;24;1010;27;1037
18027;24;657;67;724
18028;24;1183;37;1220
18029;24;301;4;305
18030;24;1018;22;1040
18031;24;568;5;573
18032;24;1396;36;1432
18033;24;64541;2065;66606
18034;24;309;9;318
18035;24;1043;24;1067
18036;24;523;7;530
18037;24;974;14;988
18038;24;567;4;571
18039;24;318;8;326
18040;24;362;3;365
18041;24;192;2;194
18042;24;353;2;355
18043;24;195;0;195
18044;24;416;4;420
18045;24;418;8;426
18046;24;169;3;172
18047;24;613;8;621
18048;24;381;5;386
18049;24;468;8;476
18050;24;3663;77;3740
18051;24;136;3;139
18052;24;1023;21;1044
18053;24;293;8;301
18054;24;246;3;249
18055;24;941;22;963
18056;24;239;5;244
18057;24;1751;20;1771
18058;24;1457;19;1476
18059;24;943;12;955
18060;24;50;2;52
18061;24;90;0;90
18062;24;268;2;270
18063;24;162;6;168
18064;24;216;7;223
18065;24;823;12;835
18066;24;906;15;921
18067;24;710;9;719
18068;24;34;2;36
18069;24;417;15;432
18070;24;202;2;204
18071;24;33;0;33
18072;24;266;4;270
18073;24;203;8;211
18074;24;200;4;204
18075;24;1013;26;1039
18076;24;442;8;450
18077;24;363;9;372
18078;24;59;1;60
18079;24;454;6;460
18080;24;152;2;154
18081;24;401;3;404
18082;24;1032;30;1062
18083;24;750;7;757
18084;24;203;4;207
18085;24;240;6;246
18086;24;549;17;566
18087;24;3655;76;3731
18088;24;212;7;219
18089;24;434;10;444
18090;24;427;10;437
18091;24;249;6;255
18092;24;999;24;1023
18093;24;139;3;142
18094;24;337;8;345
18095;24;180;4;184
18096;24;2099;25;2124
18097;24;1964;32;1996
18098;24;129;4;133
18099;24;223;3;226
18100;24;676;16;692
18101;24;296;10;306
18102;24;301;2;303
18103;24;1432;14;1446
18104;24;133;2;135
18105;24;458;17;475
18106;24;266;3;269
18107;24;124;8;132
18108;24;3177;35;3212
18109;24;1729;21;1750
18110;24;967;24;991
18111;24;182;1;183
18112;24;286;1;287
18113;24;181;3;184
18114;24;226;4;230
18115;24;790;8;798
18116;24;277;2;279
18117;24;503;5;508
18118;24;1322;35;1357
18119;24;203;5;208
18120;24;593;13;606
18121;24;92;2;94
18122;24;215;2;217
18124;24;312;3;315
18125;24;1082;23;1105
18126;24;1379;42;1421
18127;24;1358;27;1385
18128;24;165;0;165
18129;24;229;6;235
18130;24;299;6;305
18131;24;34;0;34
18132;24;137;1;138
18133;24;1585;15;1600
18134;24;659;16;675
18135;24;240;5;245
18136;24;296;5;301
18137;24;505;10;515
18138;24;1922;57;1979
18139;24;655;9;664
18140;24;1365;24;1389
18141;24;6555;128;6683
18142;24;686;17;703
18143;24;379;7;386
18144;24;467;10;477
18145;24;1612;40;1652
18146;24;316;13;329
18147;24;204;3;207
18148;24;2606;62;2668
18149;24;575;13;588
18150;24;694;15;709
18151;24;352;12;364
18152;24;109;2;111
18153;24;332;3;335
18154;24;175;4;179
18155;24;430;9;439
18156;24;436;9;445
18157;24;763;24;787
18158;24;847;19;866
18159;24;820;29;849
18160;24;1466;30;1496
18161;24;219;2;221
18162;24;255;1;256
18163;24;271;5;276
18164;24;132;3;135
18165;24;1108;30;1138
18166;24;574;10;584
18167;24;300;2;302
18168;24;217;2;219
18169;24;213;7;220
18170;24;668;14;682
18171;24;252;4;256
18172;24;1798;44;1842
18173;24;246;2;248
18174;24;263;3;266
18175;24;614;3;617
18176;24;405;5;410
18177;24;57;0;57
18178;24;198;3;201
18179;24;1005;20;1025
18180;24;2069;68;2137
18181;24;539;8;547
18182;24;218;5;223
18183;24;148;3;151
18184;24;348;1;349
18185;24;234;1;235
18186;24;422;8;430
18187;24;512;9;521
18188;24;249;5;254
18189;24;479;4;483
18190;24;859;18;877
18191;24;179;2;181
18192;24;237;3;240
18193;24;204;5;209
18194;24;971;19;990
18195;24;191;5;196
18196;24;82;2;84
18197;24;9488;282;9770
18198;24;371;16;387
18199;24;252;4;256
18200;24;311;15;326
18201;24;771;15;786
18202;24;13;0;13
18203;24;97;1;98
18204;24;290;8;298
18205;24;9607;239;9846
18206;24;1549;53;1602
18207;24;6442;101;6543
18208;24;411;7;418
18209;24;447;15;462
18210;24;607;10;617
18211;24;681;12;693
18212;24;637;15;652
18213;24;5041;116;5157
18214;24;594;2;596
18215;24;154;2;156
18216;24;486;13;499
18217;24;147;4;151
18218;24;657;5;662
18219;24;508;11;519
18220;24;349;4;353
18221;24;299;2;301
18223;24;2447;39;2486
18224;24;297;9;306
18225;24;277;9;286
18226;24;451;15;466
18227;24;172;3;175
18228;24;218;3;221
18229;24;611;19;630
18230;24;283;11;294
18231;24;742;18;760
18232;24;241;3;244
18233;24;1400;48;1448
18234;24;426;8;434
18235;24;1126;18;1144
18236;24;133;2;135
18237;24;478;4;482
18238;24;128;3;131
18240;24;644;7;651
18241;24;1349;30;1379
18242;24;2984;33;3017
18243;24;400;8;408
18244;24;79;0;79
18245;24;487;9;496
18246;24;1107;22;1129
18247;24;725;15;740
18248;24;468;6;474
18249;24;402;14;416
18250;24;68;2;70
18251;24;58;2;60
18252;24;295;5;300
18253;24;476;13;489
18254;24;602;16;618
18255;24;1012;204;1216
18256;24;337;7;344
18257;24;680;14;694
18258;24;695;16;711
18259;24;278;3;281
18260;24;88;2;90
18261;24;410;7;417
18262;24;327;8;335
18263;24;663;3;666
18264;24;79;2;81
18265;24;793;13;806
18266;24;239;6;245
18267;24;3953;116;4069
18268;24;404;10;414
18269;24;652;13;665
18270;24;717;20;737
18271;24;1501;34;1535
18272;24;632;22;654
18273;24;817;16;833
18274;24;306;3;309
18275;24;142;7;149
18276;24;189;1;190
18277;24;35;0;35
18278;24;554;10;564
18279;24;25464;522;25986
18280;24;717;21;738
18281;24;2126;38;2164
18282;24;581;12;593
18283;24;84;0;84
18284;24;214;4;218
18285;24;420;6;426
18286;24;464;9;473
18287;24;292;9;301
18288;24;243;7;250
18289;24;591;17;608
18290;24;587;10;597
19001;75;359;14;373
19002;75;396;8;404
19003;75;239;9;248
19004;75;737;10;747
19005;75;3968;102;4070
19006;75;104;0;104
19007;75;840;24;864
19008;75;208;4;212
19009;75;122;2;124
19010;75;2896;112;3008
19011;75;1136;12;1148
19012;75;219;5;224
19013;75;887;21;908
19014;75;225;5;230
19015;75;701;7;708
19016;75;304;9;313
19017;75;87;1;88
19018;75;158;4;162
19019;75;1284;20;1304
19020;75;110;8;118
19021;75;91;3;94
19022;75;223;5;228
19023;75;1250;20;1270
19024;75;598;23;621
19025;75;359;4;363
19026;75;250;4;254
19027;75;115;0;115
19028;75;2648;100;2748
19029;75;279;5;284
19030;75;962;17;979
19031;75;46330;1285;47615
19033;75;793;12;805
19034;75;220;11;231
19035;75;547;19;566
19036;75;1388;15;1403
19037;75;1182;28;1210
19038;75;1521;54;1575
19039;75;227;7;234
19040;75;155;5;160
19041;75;436;18;454
19042;75;625;13;638
19043;75;442;9;451
19044;75;279;10;289
19045;75;197;6;203
19046;75;113;1;114
19047;75;364;6;370
19048;75;356;12;368
19049;75;743;20;763
19050;75;411;10;421
19051;75;163;4;167
19052;75;50;1;51
19053;75;258;4;262
19054;75;209;4;213
19055;75;292;12;304
19056;75;405;12;417
19057;75;483;19;502
19058;75;341;16;357
19059;75;392;9;401
19060;75;688;12;700
19061;75;1308;12;1320
19062;75;1140;48;1188
19063;75;2974;79;3053
19064;75;72;2;74
19065;75;71;0;71
19066;75;1736;36;1772
19067;75;208;9;217
19068;75;710;6;716
19069;75;140;3;143
19070;75;336;12;348
19071;75;200;3;203
19072;75;2678;72;2750
19073;75;4295;731;5026
19074;75;54;0;54
19075;75;381;14;395
19076;75;420;9;429
19077;75;130;2;132
19078;75;419;8;427
19079;75;493;10;503
19080;75;688;12;700
19081;75;506;15;521
19082;75;1097;22;1119
19083;75;134;2;136
19084;75;265;12;277
19085;75;789;16;805
19086;75;333;6;339
19087;75;94;3;97
19088;75;52;1;53
19089;75;187;3;190
19090;75;94;7;101
19091;75;317;13;330
19092;75;77;1;78
19093;75;964;34;998
19094;75;1114;26;1140
19095;75;136;1;137
19096;75;408;11;419
19097;75;134;1;135
19098;75;971;21;992
19099;75;220;10;230
19100;75;1097;23;1120
19101;75;1542;47;1589
19102;75;297;2;299
19103;75;67;2;69
19104;75;115;1;116
19105;75;487;14;501
19106;75;373;2;375
19107;75;1617;45;1662
19108;75;60;2;62
19109;75;222;7;229
19110;75;132;0;132
19111;75;99;0;99
19112;75;109;0;109
19113;75;644;38;682
19114;75;164;10;174
19115;75;301;8;309
19116;75;253;5;258
19117;75;698;21;719
19118;75;810;10;820
19119;75;147;1;148
19120;75;239;1;240
19121;75;2236;43;2279
19122;75;192;10;202
19123;75;7984;165;8149
19124;75;1449;22;1471
19125;75;784;17;801
19126;75;172;0;172
19128;75;307;6;313
19129;75;664;8;672
19130;75;442;10;452
19131;75;538;23;561
19132;75;130;1;131
19133;75;242;1;243
19134;75;705;21;726
19135;75;348;6;354
19136;75;2308;202;2510
19137;75;63;0;63
19138;75;1264;52;1316
19139;75;76;1;77
19140;75;635;19;654
19141;75;284;6;290
19142;75;98;3;101
19143;75;597;14;611
19144;75;235;5;240
19145;75;445;77;522
19146;75;2336;213;2549
19147;75;635;14;649
19148;75;1659;252;1911
19149;75;200;4;204
19150;75;363;16;379
19151;75;935;18;953
19152;75;436;8;444
19153;75;3624;94;3718
19154;75;318;9;327
19155;75;264;5;269
19156;75;161;2;163
19157;75;222;2;224
19158;75;167;4;171
19159;75;89;1;90
19160;75;192;2;194
19161;75;464;6;470
19162;75;1219;17;1236
19163;75;292;7;299
19164;75;830;11;841
19165;75;122;3;125
19166;75;93;0;93
19167;75;43;0;43
19168;75;84;4;88
19169;75;290;4;294
19170;75;210;9;219
19171;75;188;3;191
19172;75;113;5;118
19173;75;305;11;316
19174;75;131;1;132
19175;75;94;0;94
19176;75;1086;34;1120
19177;75;176;4;180
19178;75;966;23;989
19179;75;200;6;206
19180;75;704;18;722
19181;75;420;7;427
19182;75;763;23;786
19184;75;128;4;132
19186;75;213;4;217
19187;75;402;5;407
19188;75;413;6;419
19189;75;43;1;44
19190;75;190;5;195
19191;75;646;12;658
19192;75;499;6;505
19193;75;174;5;179
19194;75;1322;36;1358
19195;75;379;6;385
19196;75;481;19;500
19198;75;104;0;104
19199;75;240;5;245
19200;75;89;8;97
19201;75;594;13;607
19202;75;2007;44;2051
19203;75;1779;92;1871
19204;75;274;3;277
19205;75;88;2;90
19206;75;88;2;90
19207;75;1129;32;1161
19208;75;185;3;188
19209;75;165;2;167
19210;75;66;0;66
19211;75;1004;20;1024
19212;75;104;6;110
19213;75;624;17;641
19214;75;452;3;455
19215;75;122;2;124
19216;75;247;3;250
19217;75;154;5;159
19219;75;55;1;56
19220;75;481;10;491
19221;75;87;2;89
19222;75;340;12;352
19223;75;268;2;270
19225;75;171;2;173
19226;75;129;3;132
19227;75;1319;35;1354
19228;75;67;1;68
19229;75;4751;92;4843
19230;75;399;8;407
19231;75;177;2;179
19232;75;77;2;79
19233;75;295;14;309
19234;75;480;6;486
19235;75;234;6;240
19236;75;482;10;492
19237;75;1056;22;1078
19238;75;222;8;230
19239;75;295;7;302
19240;75;290;14;304
19241;75;285;6;291
19242;75;458;17;475
19243;75;851;17;868
19244;75;85;1;86
19245;75;133;5;138
19246;75;1877;42;1919
19247;75;194;8;202
19248;75;701;13;714
19249;75;342;9;351
19250;75;670;6;676
19251;75;275;7;282
19252;75;845;16;861
19253;75;223;2;225
19254;75;193;1;194
19255;75;1778;37;1815
19256;75;346;6;352
19257;75;272;7;279
19258;75;608;10;618
19259;75;234;4;238
19260;75;217;7;224
19261;75;746;15;761
19262;75;155;16;171
19263;75;294;11;305
19264;75;506;4;510
19265;75;344;8;352
19266;75;98;4;102
19268;75;38;0;38
19269;75;1297;80;1377
19270;75;551;6;557
19271;75;241;3;244
19272;75;14812;663;15475
19273;75;811;20;831
19274;75;4215;115;4330
19275;75;9358;368;9726
19276;75;2794;59;2853
19277;75;143;5;148
19278;75;2457;43;2500
19279;75;387;10;397
19280;75;180;4;184
19281;75;72;7;79
19283;75;75;1;76
19284;75;87;3;90
19285;75;1255;29;1284
19286;75;535;9;544
19287;75;270;6;276
19288;75;1242;164;1406
19289;75;668;8;676
21001;27;462;52;514
21002;27;266;3;269
21003;27;1464;27;1491
21004;27;269;7;276
21005;27;1470;17;1487
21006;27;172;1;173
21007;27;226;30;256
21008;27;572;7;579
21009;27;175;1;176
21010;27;136;6;142
21011;27;82;0;82
21012;27;344;13;357
21013;27;450;7;457
21014;27;62;0;62
21015;27;92;0;92
21016;27;966;19;985
21017;27;507;18;525
21018;27;54;1;55
21020;27;224;8;232
21021;27;2629;49;2678
21022;27;536;13;549
21023;27;1384;31;1415
21024;27;111;0;111
21025;27;67;2;69
21026;27;189;9;198
21027;27;1312;26;1338
21028;27;781;10;791
21029;27;76;1;77
21030;27;88;3;91
21031;27;529;5;534
21032;27;167;5;172
21033;27;151;5;156
21034;27;131;2;133
21035;27;331;4;335
21036;27;78;3;81
21037;27;297;12;309
21038;27;7614;85;7699
21039;27;37;0;37
21040;27;95;5;100
21041;27;184;2;186
21042;27;161;4;165
21043;27;223;19;242
21044;27;99;1;100
21045;27;211;8;219
21046;27;70;2;72
21047;27;69;1;70
21048;27;651;10;661
21049;27;42;2;44
21050;27;207;6;213
21051;27;85;3;88
21052;27;25;4;29
21053;27;202;4;206
21054;27;20551;759;21310
21055;27;15;0;15
21056;27;875;10;885
21057;27;352;5;357
21058;27;248;5;253
21059;27;885;24;909
21060;27;1618;18;1636
21061;27;67;2;69
21062;27;220;9;229
21063;27;90;5;95
21064;27;112;0;112
21065;27;127;4;131
21066;27;53;1;54
21067;27;689;9;698
21068;27;104;7;111
21069;27;121;1;122
21070;27;139;4;143
21071;27;701;20;721
21072;27;193;4;197
21074;27;255;4;259
21075;27;68;1;69
21076;27;827;8;835
21077;27;127;2;129
21078;27;76;2;78
21079;27;130;0;130
21080;27;647;13;660
21081;27;128;1;129
21082;27;64;2;66
21083;27;124;1;125
21084;27;63;4;67
21085;27;140;3;143
21086;27;1239;29;1268
21087;27;811;11;822
21088;27;281;7;288
21089;27;437;6;443
21090;27;61;3;64
21091;27;44;0;44
21092;27;222;5;227
21093;27;152;4;156
21094;27;411;4;415
21095;27;47;1;48
21096;27;107;1;108
21097;27;38;2;40
21098;27;125;2;127
21099;27;311;6;317
21100;27;34;0;34
21101;27;166;4;170
21102;27;142;3;145
21103;27;2357;43;2400
21104;27;44;0;44
21105;27;1127;12;1139
21106;27;929;12;941
21107;27;904;24;928
21108;27;114;1;115
21109;27;223;7;230
21110;27;652;131;783
21111;27;317;3;320
21112;27;415;9;424
21113;27;198;1;199
21114;27;159;1;160
21115;27;369;7;376
21116;27;134;0;134
21117;27;48;2;50
21118;27;21;3;24
21119;27;43;0;43
21120;27;160;2;162
21121;27;78;1;79
21122;27;315;8;323
21123;27;32;5;37
21124;27;175;6;181
21125;27;222;8;230
21126;27;617;7;624
21127;27;524;8;532
21128;27;242;11;253
21129;27;22;0;22
21130;27;392;4;396
21131;27;464;63;527
21132;27;392;6;398
21133;27;293;7;300
21134;27;242;9;251
21135;27;311;8;319
21136;27;26;0;26
21137;27;99;1;100
21138;27;597;8;605
21139;27;224;5;229
21140;27;75;1;76
21141;27;35;1;36
21142;27;213;4;217
21143;27;63;3;66
21144;27;37;0;37
21145;27;37;1;38
21146;27;127;3;130
21147;27;35;1;36
21148;27;346;1;347
21149;27;140;4;144
21150;27;300;11;311
21151;27;87;5;92
21152;27;79;2;81
21153;27;155;6;161
21154;27;5347;350;5697
21155;27;41;6;47
21156;27;49;0;49
21157;27;16;0;16
21158;27;179;5;184
21159;27;99;4;103
21160;27;99;1;100
21161;27;79;5;84
21162;27;483;8;491
21163;27;192;5;197
21164;27;143;3;146
21165;27;74;4;78
21166;27;14025;191;14216
21167;27;123;4;127
21168;27;40;0;40
21169;27;161;4;165
21170;27;378;5;383
21171;27;11123;210;11333
21172;27;304;6;310
21173;27;639;15;654
21175;27;193;1;194
21176;27;123;2;125
21177;27;180;1;181
21178;27;306;10;316
21179;27;898;10;908
21180;27;153;4;157
21181;27;141;2;143
21182;27;95;1;96
21183;27;1055;13;1068
21184;27;70;0;70
21185;27;529;20;549
21186;27;616;17;633
21187;27;123;4;127
21189;27;436;9;445
21190;27;442;19;461
21191;27;811;24;835
21192;27;625;10;635
21193;27;366;16;382
21194;27;936;12;948
21195;27;219;4;223
21196;27;977;16;993
21197;27;32;0;32
21198;27;255;3;258
21199;27;160;2;162
21200;27;1110;25;1135
21201;27;247;5;252
21202;27;148;1;149
21203;27;122;2;124
21204;27;86;1;87
21205;27;240;6;246
21207;27;79;4;83
21208;27;166;4;170
21209;27;1912;41;1953
21210;27;526;5;531
21211;27;131;2;133
21212;27;322;4;326
21214;27;170;4;174
21215;27;185;0;185
21216;27;105;2;107
21217;27;133;4;137
21218;27;116;0;116
21219;27;141;0;141
21220;27;144;3;147
21221;27;40;2;42
21222;27;118;3;121
21223;27;1537;36;1573
21224;27;65;4;69
21225;27;131;2;133
21226;27;343;11;354
21227;27;505;7;512
21228;27;143;0;143
21229;27;91;2;93
21230;27;377;8;385
21231;27;158002;3378;161380
21232;27;203;5;208
21233;27;200;1;201
21234;27;61;3;64
21235;27;53;1;54
21236;27;253;6;259
21237;27;95;3;98
21238;27;132;2;134
21239;27;781;11;792
21240;27;313;2;315
21241;27;292;16;308
21242;27;298;4;302
21243;27;73;4;77
21244;27;67;0;67
21245;27;318;3;321
21246;27;182;3;185
21247;27;798;13;811
21248;27;61;1;62
21249;27;677;20;697
21250;27;86;2;88
21251;27;280;27;307
21252;27;79;4;83
21253;27;138;4;142
21254;27;208;10;218
21255;27;325;3;328
21256;27;314;7;321
21257;27;68;2;70
21258;27;225;3;228
21259;27;287;10;297
21260;27;152;4;156
21261;27;619;11;630
21262;27;30;0;30
21263;27;1660;41;1701
21264;27;43;0;43
21265;27;750;21;771
21266;27;192;1;193
21267;27;495;13;508
21268;27;190;3;193
21269;27;445;9;454
21270;27;206;7;213
21271;27;283;3;286
21272;27;267;4;271
21273;27;1402;18;1420
21274;27;165;3;168
21275;27;133;3;136
21276;27;118;4;122
21277;27;886;19;905
21278;27;8800;204;9004
21279;27;25;0;25
21280;27;133;6;139
21281;27;170;2;172
21282;27;101;2;103
21283;27;65;1;66
21284;27;292;4;296
21285;27;497;5;502
21286;27;88;1;89
21287;27;159;7;166
21288;27;162;1;163
21289;27;118;8;126
21290;27;901;13;914
21291;27;365;10;375
21292;27;5231;44;5275
21293;27;118;0;118
21294;27;433;5;438
21295;27;3048;41;3089
21296;27;177;1;178
21297;27;720;6;726
21298;27;108;3;111
21299;27;88;1;89
21300;27;354;9;363
21301;27;267;2;269
21302;27;124;2;126
21303;27;9;0;9
21304;27;255;9;264
21305;27;196;2;198
21306;27;210;3;213
21307;27;142;2;144
21308;27;203;12;215
21309;27;83;3;86
21310;27;113;2;115
21311;27;73;1;74
21312;27;26;3;29
21313;27;46;0;46
21314;27;79;2;81
21315;27;1227;16;1243
21316;27;327;5;332
21317;27;4405;57;4462
21319;27;894;13;907
21320;27;790;14;804
21321;27;77;2;79
21322;27;313;14;327
21323;27;138;4;142
21324;27;51;1;52
21325;27;183;2;185
21326;27;73;4;77
21327;27;255;4;259
21328;27;47;0;47
21329;27;42;2;44
21330;27;373;3;376
21331;27;330;4;334
21332;27;996;22;1018
21333;27;228;5;233
21334;27;512;12;524
21335;27;115;3;118
21336;27;673;13;686
21337;27;1350;13;1363
21338;27;163;3;166
21339;27;511;19;530
21340;27;250;5;255
21341;27;105;4;109
21342;27;437;9;446
21343;27;95;1;96
21344;27;216;5;221
21345;27;188;3;191
21346;27;299;3;302
21347;27;337;17;354
21348;27;102;1;103
21349;27;491;8;499
21350;27;54;1;55
21351;27;1164;120;1284
21352;27;1137;16;1153
21353;27;1237;27;1264
21354;27;53;0;53
21355;27;8545;127;8672
21356;27;1596;36;1632
21357;27;113;3;116
21358;27;183;4;187
21359;27;58;3;61
21360;27;116;3;119
21361;27;516;12;528
21362;27;132;3;135
21363;27;318;6;324
21364;27;83;3;86
21365;27;79;0;79
21366;27;214;3;217
21367;27;260;2;262
21368;27;244;13;257
21369;27;316;4;320
21370;27;902;18;920
21371;27;808;19;827
21372;27;83;5;88
21373;27;783;15;798
21374;27;191;6;197
21375;27;187;5;192
21376;27;104;1;105
21377;27;47;0;47
21378;27;93;2;95
21379;27;160;1;161
21380;27;56;2;58
21381;27;92;4;96
21382;27;192;3;195
21383;27;1688;21;1709
21384;27;56;5;61
21385;27;325;8;333
21386;27;323;12;335
21387;27;220;5;225
21388;27;596;11;607
21389;27;207;1;208
21390;27;5311;76;5387
21391;27;843;10;853
21392;27;60;1;61
21393;27;153;8;161
21394;27;158;4;162
21395;27;91;1;92
21396;27;69;2;71
21397;27;179;3;182
21398;27;361;8;369
21399;27;213;2;215
21400;27;48;0;48
21401;27;320;5;325
21402;27;9;0;9
21403;27;86;1;87
21404;27;420;16;436
21405;27;807;22;829
21406;27;248;2;250
21407;27;236;11;247
21408;27;1690;29;1719
21409;27;462;13;475
21410;27;30;2;32
21411;27;567;18;585
21412;27;1408;45;1453
21413;27;397;15;412
21414;27;315;9;324
21415;27;178;5;183
21416;27;2008;37;2045
21417;27;108;0;108
21418;27;59;4;63
21419;27;264;5;269
21420;27;161;3;164
21421;27;233;3;236
21422;27;130;4;134
21423;27;747;23;770
21424;27;111;2;113
21425;27;4848;132;4980
21426;27;206;3;209
21427;27;188;5;193
21428;27;166;4;170
21429;27;296;6;302
21430;27;85;5;90
21431;27;147;5;152
21432;27;253;4;257
21433;27;386;7;393
21434;27;192;1;193
21435;27;301;6;307
21436;27;156;3;159
21437;27;243;5;248
21438;27;74;3;77
21439;27;88;0;88
21440;27;194;5;199
21441;27;239;7;246
21442;27;664;11;675
21444;27;69;0;69
21445;27;144;2;146
21446;27;261;5;266
21447;27;81;0;81
21448;27;87;1;88
21449;27;182;3;185
21450;27;166;5;171
21451;27;76;3;79
21452;27;3036;34;3070
21454;27;111;0;111
21455;27;199;8;207
21456;27;153;8;161
21457;27;73;5;78
21458;27;1153;16;1169
21459;27;233;5;238
21460;27;65;1;66
21461;27;1435;22;1457
21462;27;948;18;966
21463;27;56;1;57
21464;27;5362;91;5453
21465;27;77;1;78
21466;27;40;4;44
21467;27;128;4;132
21468;27;88;1;89
21469;27;459;13;472
21470;27;51;3;54
21471;27;15;0;15
21472;27;170;1;171
21473;27;1604;11;1615
21474;27;415;11;426
21475;27;506;10;516
21476;27;163;5;168
21477;27;83;2;85
21478;27;285;5;290
21479;27;90;1;91
21480;27;236;9;245
21481;27;2138;33;2171
21482;27;635;15;650
21483;27;294;5;299
21484;27;65;5;70
21485;27;2542;46;2588
21487;27;411;3;414
21488;27;192;2;194
21489;27;55;4;59
21490;27;157;7;164
21491;27;69;1;70
21492;27;454;12;466
21493;27;571;7;578
21494;27;83;0;83
21495;27;155;1;156
21496;27;1301;20;1321
21497;27;173;15;188
21498;27;49;2;51
21499;27;203;4;207
21500;27;551;9;560
21501;27;1537;119;1656
21502;27;602;7;609
21503;27;132;4;136
21504;27;91;3;94
21505;27;710;10;720
21506;27;373;5;378
21508;27;446;8;454
21510;27;155;1;156
21511;27;128;4;132
21512;27;383;10;393
21514;27;102;3;105
21515;27;9099;381;9480
21516;27;77;4;81
21517;27;507;12;519
21518;27;204;2;206
21519;27;351;8;359
21520;27;151;0;151
21521;27;892;11;903
21522;27;447;5;452
21523;27;150;2;152
21524;27;92;0;92
21525;27;889;14;903
21526;27;41;0;41
21527;27;285;9;294
21528;27;141;2;143
21529;27;49;1;50
21530;27;149;1;150
21531;27;484;5;489
21532;27;1155;11;1166
21533;27;87;3;90
21534;27;731;42;773
21535;27;1328;10;1338
21536;27;291;11;302
21537;27;115;2;117
21538;27;118;4;122
21539;27;56;1;57
21540;27;7546;101;7647
21541;27;221;8;229
21542;27;450;0;450
21543;27;193;8;201
21544;27;58;6;64
21545;27;929;15;944
21546;27;207;4;211
21547;27;199;3;202
21548;27;182;3;185
21549;27;82;4;86
21550;27;131;5;136
21552;27;36;1;37
21553;27;109;3;112
21554;27;1063;7;1070
21555;27;1500;21;1521
21556;27;243;3;246
21557;27;109;3;112
21558;27;900;31;931
21559;27;692;11;703
21560;27;300;2;302
21561;27;453;1;454
21562;27;198;6;204
21563;27;121;2;123
21564;27;407;9;416
21565;27;508;8;516
21566;27;142;3;145
21567;27;215;5;220
21568;27;691;11;702
21569;27;220;6;226
21570;27;169;16;185
21571;27;238;2;240
21572;27;399;5;404
21573;27;372;3;375
21574;27;386;9;395
21575;27;344;4;348
21576;27;161;4;165
21577;27;1344;25;1369
21578;27;322;4;326
21579;27;208;6;214
21580;27;135;2;137
21581;27;145;2;147
21582;27;908;12;920
21583;27;55;2;57
21584;27;2372;109;2481
21585;27;969;14;983
21586;27;718;10;728
21587;27;246;4;250
21588;27;68;1;69
21589;27;102;1;103
21590;27;1288;41;1329
21591;27;861;14;875
21592;27;228;11;239
21593;27;79;1;80
21594;27;193;3;196
21595;27;163;4;167
21596;27;385;6;391
21597;27;53;1;54
21598;27;174;2;176
21599;27;2407;34;2441
21600;27;124;4;128
21601;27;96;4;100
21602;27;26;0;26
21603;27;4120;353;4473
21604;27;140;4;144
21605;27;1966;52;2018
21606;27;1809;46;1855
21607;27;2310;22;2332
21608;27;98;4;102
21609;27;497;7;504
21610;27;362;7;369
21611;27;915;13;928
21612;27;87;1;88
21613;27;157;8;165
21614;27;399;4;403
21615;27;241;8;249
21616;27;190;7;197
21617;27;11713;226;11939
21618;27;579;8;587
21619;27;218;6;224
21620;27;159;5;164
21622;27;255;4;259
21623;27;1578;34;1612
21624;27;141;1;142
21625;27;81;3;84
21626;27;60;2;62
21627;27;95;9;104
21628;27;65;0;65
21629;27;305;5;310
21630;27;213;8;221
21631;27;54;0;54
21632;27;1040;31;1071
21633;27;188;1;189
21634;27;137;0;137
21635;27;104;6;110
21636;27;254;8;262
21637;27;213;3;216
21638;27;1138;7;1145
21639;27;746;14;760
21640;27;215;5;220
21641;27;457;12;469
21642;27;423;8;431
21643;27;445;8;453
21644;27;170;4;174
21645;27;598;16;614
21646;27;123;3;126
21647;27;119;1;120
21648;27;175;1;176
21649;27;53;0;53
21650;27;149;4;153
21651;27;202;4;206
21652;27;297;7;304
21653;27;51;2;53
21655;27;232;10;242
21656;27;697;11;708
21657;27;1944;49;1993
21659;27;168;10;178
21660;27;49;1;50
21661;27;1744;26;1770
21662;27;33;0;33
21663;27;2846;37;2883
21664;27;82;4;86
21665;27;170;0;170
21666;27;94;3;97
21667;27;399;7;406
21669;27;81;0;81
21670;27;281;4;285
21671;27;52;1;53
21672;27;28;1;29
21673;27;215;2;217
21674;27;201;3;204
21675;27;39;1;40
21676;27;215;5;220
21677;27;116;1;117
21678;27;185;3;188
21679;27;129;2;131
21680;27;504;7;511
21681;27;86;1;87
21682;27;269;1;270
21683;27;356;3;359
21684;27;951;49;1000
21685;27;252;6;258
21686;27;144;2;146
21687;27;139;5;144
21688;27;113;4;117
21689;27;168;7;175
21690;27;92;2;94
21691;27;396;7;403
21692;27;252;4;256
21693;27;69;1;70
21694;27;26;0;26
21695;27;60;1;61
21696;27;96;2;98
21698;27;385;9;394
21699;27;1167;13;1180
21700;27;86;3;89
21701;27;126;5;131
21702;27;266;7;273
21703;27;48;0;48
21704;27;100;0;100
21705;27;77;1;78
21706;27;104;1;105
21707;27;217;4;221
21708;27;331;12;343
21709;27;178;2;180
21710;27;1064;18;1082
21711;27;102;4;106
21712;27;233;15;248
21713;27;342;5;347
21714;27;339;9;348
21715;27;192;1;193
21716;27;171;5;176
21717;27;276;11;287
22001;53;599;18;617
22002;53;1144;36;1180
22003;53;928;77;1005
22004;53;4809;92;4901
22005;53;1026;16;1042
22006;53;268;9;277
22008;53;1125;40;1165
22009;53;160;1;161
22011;53;1062;27;1089
22012;53;881;17;898
22013;53;2122;44;2166
22014;53;1165;29;1194
22015;53;1680;30;1710
22016;53;352;6;358
22018;53;295;5;300
22019;53;488;13;501
22020;53;2902;68;2970
22021;53;1176;25;1201
22023;53;421;1;422
22024;53;227;1;228
22025;53;2229;33;2262
22026;53;744;8;752
22027;53;417;12;429
22028;53;841;25;866
22029;53;348;13;361
22030;53;889;21;910
22031;53;653;9;662
22032;53;2495;144;2639
22033;53;359;11;370
22034;53;1532;58;1590
22035;53;1036;15;1051
22036;53;210;4;214
22037;53;386;4;390
22039;53;554;27;581
22040;53;582;9;591
22041;53;263;3;266
22042;53;495;15;510
22043;53;211;5;216
22044;53;1781;50;1831
22045;53;345;7;352
22046;53;6396;115;6511
22047;53;934;18;952
22048;53;2197;47;2244
22049;53;1629;44;1673
22050;53;14407;587;14994
22052;53;370;7;377
22053;53;682;13;695
22054;53;3922;92;4014
22055;53;6934;215;7149
22056;53;1757;26;1783
22057;53;399;12;411
22059;53;1412;40;1452
22060;53;605;19;624
22061;53;1363;40;1403
22062;53;544;10;554
22063;53;555;9;564
22064;53;948;30;978
22065;53;1729;36;1765
22067;53;2545;59;2604
22068;53;430;8;438
22069;53;217;5;222
22070;53;7069;553;7622
22071;53;714;9;723
22072;53;407;9;416
22073;53;375;16;391
22074;53;644;17;661
22075;53;720;7;727
22076;53;1325;36;1361
22077;53;1195;15;1210
22079;53;2268;36;2304
22081;53;4183;97;4280
22082;53;906;32;938
22083;53;679;12;691
22084;53;2520;51;2571
22085;53;289;8;297
22086;53;658;12;670
22087;53;653;25;678
22088;53;253;3;256
22090;53;1067;20;1087
22091;53;442;9;451
22092;53;269;3;272
22093;53;16688;470;17158
22094;53;1558;63;1621
22095;53;180;10;190
22096;53;459;3;462
22097;53;726;18;744
22098;53;1425;34;1459
22099;53;1098;17;1115
22101;53;1133;25;1158
22103;53;958;39;997
22104;53;526;28;554
22105;53;1146;23;1169
22106;53;7801;263;8064
22107;53;1256;39;1295
22108;53;122;2;124
22109;53;210;5;215
22110;53;601;12;613
22111;53;404;7;411
22112;53;437;5;442
22113;53;20210;936;21146
22114;53;847;17;864
22115;53;441;16;457
22116;53;1351;23;1374
22117;53;1716;33;1749
22118;53;4195;96;4291
22119;53;591;10;601
22121;53;1780;29;1809
22122;53;735;12;747
22124;53;218;8;226
22126;53;158;1;159
22127;53;1480;38;1518
22128;53;410;15;425
22129;53;67;3;70
22131;53;813;13;826
22132;53;252;4;256
22133;53;626;15;641
22134;53;3077;117;3194
22135;53;2329;45;2374
22136;53;9605;384;9989
22137;53;1469;30;1499
22138;53;360;5;365
22139;53;89;1;90
22140;53;598;16;614
22141;53;237;6;243
22143;53;1697;23;1720
22144;53;1326;34;1360
22145;53;836;11;847
22146;53;391;17;408
22147;53;2937;230;3167
22148;53;234;4;238
22149;53;431;17;448
22150;53;947;27;974
22152;53;1262;41;1303
22153;53;790;17;807
22155;53;2141;32;2173
22156;53;649;15;664
22157;53;670;17;687
22158;53;2439;64;2503
22160;53;946;18;964
22161;53;2748;107;2855
22162;53;7179;335;7514
22163;53;691;20;711
22164;53;1839;26;1865
22165;53;607;19;626
22166;53;2494;63;2557
22168;53;7089;196;7285
22169;53;173;4;177
22170;53;1633;34;1667
22171;53;4441;91;4532
22172;53;2981;54;3035
22174;53;869;5;874
22175;53;1464;20;1484
22176;53;6839;111;6950
22177;53;1353;29;1382
22178;53;1325;34;1359
22179;53;1602;27;1629
22180;53;1901;31;1932
22181;53;629;27;656
22182;53;3242;75;3317
22183;53;3697;126;3823
22184;53;1587;30;1617
22185;53;2429;73;2502
22186;53;4083;129;4212
22187;53;14309;487;14796
22188;53;1090;10;1100
22189;53;580;10;590
22190;53;3775;76;3851
22193;53;1617;25;1642
22194;53;3620;98;3718
22195;53;2298;42;2340
22196;53;936;21;957
22197;53;2968;80;3048
22198;53;3857;165;4022
22199;53;1197;19;1216
22200;53;593;11;604
22201;53;754;13;767
22202;53;754;15;769
22203;53;4103;77;4180
22204;53;1232;20;1252
22205;53;417;3;420
22206;53;3916;55;3971
22207;53;2176;45;2221
22208;53;1711;33;1744
22209;53;3757;63;3820
22210;53;3039;125;3164
22211;53;3687;117;3804
22212;53;1140;33;1173
22213;53;3551;108;3659
22214;53;3140;56;3196
22215;53;11383;356;11739
22216;53;731;12;743
22217;53;408;14;422
22218;53;1166;36;1202
22219;53;2448;59;2507
22220;53;1643;53;1696
22221;53;1733;37;1770
22222;53;4541;88;4629
22223;53;1989;268;2257
22224;53;1579;57;1636
22225;53;5409;113;5522
22226;53;2464;57;2521
22227;53;776;11;787
22228;53;1462;29;1491
22229;53;1071;25;1096
22231;53;317;4;321
22232;53;1991;39;2030
22233;53;2263;55;2318
22234;53;1160;22;1182
22235;53;237;4;241
22236;53;715;7;722
22237;53;2188;65;2253
22238;53;531;12;543
22239;53;1333;37;1370
22240;53;1077;15;1092
22241;53;1024;30;1054
22242;53;1559;23;1582
22243;53;539;17;556
22244;53;484;18;502
22245;53;966;14;980
22246;53;2103;32;2135
22248;53;1807;37;1844
22249;53;611;10;621
22250;53;1009;25;1034
22251;53;7300;208;7508
22254;53;1117;22;1139
22255;53;879;21;900
22256;53;1078;26;1104
22257;53;381;8;389
22258;53;3856;225;4081
22259;53;3976;111;4087
22260;53;556;7;563
22261;53;362;11;373
22262;53;2867;200;3067
22263;53;333;3;336
22264;53;2713;576;3289
22265;53;1763;56;1819
22266;53;3056;324;3380
22267;53;392;3;395
22268;53;600;10;610
22269;53;250;6;256
22271;53;353;7;360
22272;53;2289;53;2342
22273;53;2176;32;2208
22274;53;372;6;378
22275;53;1238;25;1263
22276;53;269;0;269
22277;53;2309;49;2358
22278;53;43605;1494;45099
22279;53;1119;37;1156
22280;53;1051;36;1087
22281;53;1519;25;1544
22282;53;3308;77;3385
22283;53;877;26;903
22284;53;290;9;299
22285;53;258;8;266
22286;53;474;14;488
22287;53;1453;36;1489
22288;53;351;6;357
22289;53;213;1;214
22291;53;251;8;259
22293;53;408;13;421
22294;53;305;6;311
22295;53;358;8;366
22296;53;646;11;657
22299;53;1512;43;1555
22300;53;392;9;401
22302;53;911;19;930
22304;53;650;9;659
22305;53;495;5;500
22306;53;555;14;569
22307;53;2029;50;2079
22308;53;646;18;664
22309;53;195;4;199
22310;53;468;15;483
22311;53;874;35;909
22312;53;226;8;234
22313;53;306;11;317
22314;53;403;7;410
22315;53;284;11;295
22316;53;469;11;480
22317;53;265;2;267
22318;53;307;8;315
22319;53;456;13;469
22320;53;168;3;171
22321;53;1594;45;1639
22322;53;387;8;395
22323;53;815;13;828
22324;53;1290;55;1345
22325;53;3121;222;3343
22326;53;546;5;551
22327;53;1637;27;1664
22328;53;408;6;414
22330;53;395;12;407
22331;53;185;2;187
22332;53;521;9;530
22333;53;761;29;790
22334;53;127;7;134
22335;53;236;0;236
22337;53;1107;25;1132
22338;53;760;26;786
22339;53;2524;76;2600
22340;53;1196;27;1223
22341;53;692;10;702
22342;53;427;9;436
22343;53;3641;126;3767
22344;53;748;16;764
22345;53;784;15;799
22346;53;900;24;924
22347;53;1060;19;1079
22348;53;495;9;504
22349;53;1449;39;1488
22350;53;195;3;198
22351;53;544;13;557
22352;53;274;2;276
22353;53;2535;74;2609
22354;53;1074;23;1097
22356;53;943;24;967
22358;53;578;7;585
22359;53;416;6;422
22360;53;8459;166;8625
22361;53;627;12;639
22362;53;2416;267;2683
22363;53;1243;32;1275
22364;53;2862;82;2944
22365;53;187;14;201
22366;53;405;5;410
22368;53;711;28;739
22369;53;783;17;800
22370;53;348;8;356
22371;53;1142;20;1162
22372;53;2148;36;2184
22373;53;102;4;106
22375;53;695;11;706
22376;53;1692;31;1723
22377;53;797;21;818
22378;53;216;7;223
22379;53;1483;41;1524
22380;53;685;14;699
22381;53;351;8;359
22383;53;224;6;230
22384;53;1053;25;1078
22385;53;1092;24;1116
22386;53;776;20;796
22387;53;1285;30;1315
22388;53;1239;21;1260
22389;53;4990;104;5094
22390;53;777;18;795
22391;53;1129;16;1145
23001;75;1410;230;1640
23002;75;1075;15;1090
23003;75;139;0;139
23004;75;555;9;564
23005;75;198;4;202
23006;75;212;2;214
23007;75;236;10;246
23008;75;3248;183;3431
23009;75;93;0;93
23010;75;118;2;120
23011;75;160;4;164
23012;75;109;2;111
23013;75;1208;25;1233
23014;75;121;3;124
23015;75;813;16;829
23016;75;182;2;184
23017;75;164;2;166
23018;75;247;11;258
23019;75;25;0;25
23020;75;410;7;417
23021;75;765;11;776
23022;75;373;7;380
23023;75;105;1;106
23024;75;532;12;544
23025;75;1342;24;1366
23026;75;351;10;361
23027;75;235;7;242
23028;75;107;2;109
23029;75;219;2;221
23030;75;2478;213;2691
23031;75;1249;18;1267
23032;75;695;11;706
23033;75;445;8;453
23034;75;28;0;28
23035;75;707;10;717
23036;75;1030;14;1044
23037;75;79;3;82
23038;75;253;3;256
23039;75;541;24;565
23040;75;154;1;155
23041;75;243;4;247
23042;75;125;1;126
23043;75;96;0;96
23044;75;80;1;81
23045;75;868;12;880
23046;75;81;4;85
23047;75;241;3;244
23048;75;471;10;481
23049;75;249;6;255
23050;75;128;1;129
23051;75;78;1;79
23052;75;431;10;441
23053;75;205;2;207
23054;75;230;9;239
23055;75;30;0;30
23056;75;294;6;300
23057;75;551;12;563
23058;75;105;2;107
23059;75;101;6;107
23060;75;143;3;146
23061;75;755;12;767
23062;75;559;9;568
23063;75;155;1;156
23064;75;650;3;653
23065;75;274;9;283
23066;75;194;11;205
23067;75;788;9;797
23068;75;528;7;535
23069;75;412;6;418
23070;75;439;14;453
23071;75;191;6;197
23072;75;231;3;234
23073;75;425;5;430
23074;75;186;5;191
23075;75;1094;24;1118
23076;75;1328;32;1360
23077;75;439;11;450
23078;75;189;4;193
23079;75;1550;186;1736
23080;75;94;0;94
23081;75;300;4;304
23082;75;316;6;322
23083;75;247;1;248
23084;75;146;1;147
23086;75;244;3;247
23087;75;488;11;499
23088;75;121;0;121
23089;75;728;11;739
23090;75;378;6;384
23091;75;161;3;164
23092;75;680;12;692
23093;75;1567;22;1589
23095;75;1220;43;1263
23096;75;12734;637;13371
23097;75;298;3;301
23098;75;90;3;93
23099;75;318;5;323
23100;75;439;10;449
23101;75;387;13;400
23102;75;346;3;349
23103;75;323;14;337
23104;75;239;1;240
23105;75;635;2;637
23106;75;366;4;370
23107;75;129;5;134
23108;75;142;1;143
23109;75;211;5;216
23110;75;60;1;61
23111;75;251;1;252
23112;75;746;11;757
23113;75;299;6;305
23114;75;410;7;417
23115;75;247;2;249
23116;75;543;11;554
23117;75;302;7;309
23118;75;180;6;186
23119;75;43;0;43
23120;75;187;3;190
23122;75;70;4;74
23123;75;187;2;189
23124;75;652;17;669
23125;75;99;1;100
23127;75;198;6;204
23128;75;126;6;132
23129;75;65;1;66
23130;75;530;6;536
23131;75;693;13;706
23132;75;411;6;417
23133;75;345;12;357
23134;75;200;47;247
23136;75;277;9;286
23137;75;516;12;528
23138;75;169;1;170
23139;75;542;6;548
23140;75;419;9;428
23141;75;630;16;646
23142;75;287;3;290
23143;75;491;13;504
23144;75;240;3;243
23145;75;279;7;286
23146;75;241;7;248
23147;75;96;2;98
23148;75;245;2;247
23149;75;709;14;723
23150;75;156;2;158
23151;75;431;8;439
23152;75;70;0;70
23154;75;737;11;748
23155;75;364;6;370
23156;75;83;1;84
23157;75;96;0;96
23158;75;158;0;158
23159;75;150;3;153
23160;75;276;1;277
23162;75;369;3;372
23164;75;484;11;495
23165;75;577;5;582
23166;75;192;7;199
23167;75;334;8;342
23168;75;769;18;787
23169;75;632;13;645
23170;75;213;11;224
23171;75;116;1;117
23172;75;122;1;123
23173;75;139;3;142
23174;75;584;7;591
23175;75;114;1;115
23176;75;4982;231;5213
23177;75;1088;29;1117
23178;75;175;0;175
23179;75;279;4;283
23180;75;486;3;489
23181;75;158;2;160
23182;75;173;2;175
23183;75;77;2;79
23184;75;99;3;102
23185;75;284;3;287
23186;75;154;6;160
23187;75;195;2;197
23188;75;196;2;198
23189;75;1133;25;1158
23190;75;167;1;168
23191;75;195;7;202
23192;75;1466;21;1487
23193;75;2482;59;2541
23194;75;123;3;126
23195;75;1049;26;1075
23196;75;255;5;260
23197;75;369;2;371
23198;75;143;1;144
23199;75;386;8;394
23200;75;165;8;173
23201;75;212;5;217
23202;75;229;7;236
23203;75;219;7;226
23204;75;142;3;145
23205;75;143;1;144
23206;75;689;13;702
23207;75;195;3;198
23208;75;415;9;424
23209;75;184;1;185
23210;75;253;2;255
23211;75;426;9;435
23212;75;129;1;130
23213;75;181;2;183
23214;75;272;5;277
23215;75;139;4;143
23216;75;146;5;151
23217;75;343;5;348
23218;75;98;1;99
23219;75;1222;28;1250
23220;75;566;12;578
23221;75;193;5;198
23222;75;161;3;164
23223;75;215;0;215
23224;75;72;0;72
23225;75;104;1;105
23226;75;169;6;175
23227;75;201;8;209
23228;75;197;5;202
23229;75;284;2;286
23230;75;166;5;171
23232;75;209;1;210
23233;75;126;7;133
23234;75;155;1;156
23235;75;777;13;790
23236;75;257;8;265
23237;75;55;0;55
23238;75;385;7;392
23239;75;632;11;643
23240;75;405;5;410
23241;75;215;3;218
23242;75;226;3;229
23243;75;154;2;156
23244;75;587;14;601
23245;75;1935;57;1992
23246;75;350;9;359
23247;75;1738;114;1852
23248;75;359;8;367
23249;75;221;7;228
23250;75;289;3;292
23251;75;126;2;128
23252;75;156;3;159
23253;75;175;6;181
23254;75;254;2;256
23255;75;122;0;122
23257;75;715;18;733
23258;75;306;9;315
23259;75;120;1;121
23260;75;180;0;180
23261;75;288;5;293
23262;75;164;2;166
23263;75;374;5;379
23264;75;47;1;48
23265;75;54;0;54
23266;75;171;1;172
24001;75;622;7;629
24002;75;1772;23;1795
24004;75;296;3;299
24005;75;385;9;394
24006;75;196;10;206
24007;75;500;13;513
24008;75;588;10;598
24009;75;268;8;276
24010;75;1419;49;1468
24011;75;1297;19;1316
24012;75;380;9;389
24014;75;622;20;642
24015;75;268;4;272
24016;75;821;20;841
24018;75;399;10;409
24019;75;436;7;443
24020;75;894;20;914
24021;75;391;8;399
24022;75;210;5;215
24023;75;328;11;339
24024;75;48;0;48
24025;75;239;7;246
24026;75;4410;82;4492
24027;75;360;1;361
24028;75;1842;42;1884
24029;75;525;7;532
24030;75;684;16;700
24031;75;255;5;260
24032;75;371;10;381
24034;75;273;7;280
24035;75;1350;36;1386
24036;75;177;3;180
24037;75;26693;715;27408
24038;75;432;12;444
24039;75;161;4;165
24040;75;544;9;553
24042;75;670;7;677
24043;75;144;10;154
24045;75;246;4;250
24046;75;120;1;121
24048;75;322;7;329
24050;75;341;12;353
24051;75;213;6;219
24052;75;127;0;127
24053;75;10737;341;11078
24054;75;609;20;629
24055;75;765;16;781
24056;75;227;4;231
24057;75;67;0;67
24058;75;218;3;221
24059;75;349;6;355
24060;75;71;1;72
24061;75;124;6;130
24062;75;175;3;178
24063;75;150;3;153
24064;75;3670;56;3726
24066;75;213;5;218
24067;75;2588;42;2630
24068;75;1927;60;1987
24069;75;395;2;397
24070;75;506;9;515
24071;75;374;2;376
24073;75;378;12;390
24074;75;510;21;531
24075;75;319;8;327
24076;75;403;14;417
24077;75;394;8;402
24080;75;476;12;488
24081;75;634;10;644
24082;75;1529;28;1557
24083;75;185;4;189
24084;75;104;4;108
24085;75;154;1;155
24086;75;448;7;455
24087;75;815;19;834
24088;75;347;7;354
24089;75;450;13;463
24090;75;589;11;600
24091;75;1204;32;1236
24094;75;439;9;448
24095;75;405;9;414
24096;75;789;14;803
24097;75;354;10;364
24098;75;2965;90;3055
24100;75;453;3;456
24101;75;282;8;290
24102;75;4378;82;4460
24104;75;617;7;624
24105;75;135;1;136
24106;75;533;23;556
24107;75;395;6;401
24108;75;1074;16;1090
24109;75;104;2;106
24110;75;61;4;65
24111;75;72;1;73
24113;75;91;1;92
24114;75;68;2;70
24115;75;2148;31;2179
24116;75;187;1;188
24117;75;572;18;590
24119;75;250;4;254
24120;75;554;12;566
24121;75;59;2;61
24122;75;110;1;111
24123;75;119;1;120
24124;75;235;5;240
24126;75;266;12;278
24128;75;166;3;169
24129;75;478;8;486
24130;75;880;16;896
24131;75;71;0;71
24132;75;258;4;262
24133;75;1276;18;1294
24134;75;838;13;851
24135;75;683;12;695
24136;75;118;6;124
24137;75;726;77;803
24138;75;7387;296;7683
24139;75;2211;48;2259
24140;75;1563;34;1597
24141;75;182;1;183
24142;75;1219;42;1261
24143;75;725;8;733
24144;75;95;0;95
24145;75;1749;30;1779
24146;75;255;9;264
24147;75;1090;10;1100
24148;75;285;5;290
24150;75;529;19;548
24151;75;103;2;105
24152;75;909;22;931
24153;75;398;11;409
24154;75;354;10;364
24155;75;465;11;476
24156;75;1165;16;1181
24157;75;792;11;803
24158;75;399;4;403
24159;75;392;7;399
24160;75;563;2;565
24161;75;129;1;130
24162;75;408;9;417
24163;75;159;1;160
24164;75;1171;40;1211
24165;75;415;7;422
24167;75;2564;40;2604
24168;75;431;13;444
24171;75;557;8;565
24172;75;1097;16;1113
24174;75;138;1;139
24175;75;316;17;333
24176;75;36;0;36
24177;75;644;10;654
24179;75;770;28;798
24180;75;317;9;326
24182;75;1488;53;1541
24183;75;281;3;284
24184;75;147;2;149
24186;75;332;2;334
24188;75;537;13;550
24189;75;447;16;463
24190;75;263;8;271
24191;75;173;1;174
24192;75;91;3;94
24193;75;477;9;486
24194;75;1600;25;1625
24195;75;109;1;110
24196;75;490;4;494
24197;75;721;14;735
24199;75;370;7;377
24200;75;543;11;554
24202;75;146;4;150
24205;75;670;5;675
24206;75;109;4;113
24207;75;652;16;668
24208;75;242;4;246
24209;75;139;1;140
24210;75;859;20;879
24211;75;435;3;438
24212;75;740;10;750
24213;75;171;2;173
24214;75;835;10;845
24215;75;178;3;181
24216;75;153;3;156
24217;75;451;8;459
24218;75;1175;44;1219
24220;75;674;8;682
24221;75;158;3;161
24222;75;2653;96;2749
24223;75;2770;37;2807
24224;75;694;12;706
24225;75;2609;35;2644
24226;75;1377;21;1398
24227;75;981;24;1005
24228;75;496;13;509
24229;75;1688;38;1726
24230;75;148;1;149
24231;75;94;1;95
24232;75;70;2;72
24234;75;370;2;372
24236;75;994;15;1009
24237;75;1208;24;1232
24238;75;137;5;142
24240;75;334;7;341
24241;75;443;10;453
24242;75;256;1;257
24243;75;836;11;847
24244;75;193;2;195
24245;75;261;3;264
24246;75;411;5;416
24247;75;167;3;170
24248;75;283;7;290
24251;75;568;9;577
24252;75;815;20;835
24253;75;2280;47;2327
24254;75;186;1;187
24255;75;584;9;593
24256;75;3142;75;3217
24257;75;233;5;238
24259;75;1572;31;1603
24260;75;868;9;877
24261;75;289;10;299
24262;75;346;7;353
24263;75;303;13;316
24264;75;1850;15;1865
24266;75;1524;27;1551
24267;75;178;1;179
24268;75;660;13;673
24269;75;628;7;635
24271;75;492;13;505
24272;75;468;5;473
24273;75;335;10;345
24274;75;804;88;892
24276;75;404;4;408
24277;75;290;4;294
24278;75;83;1;84
24279;75;63;1;64
24280;75;459;8;467
24281;75;193;7;200
24282;75;145;7;152
24284;75;137;5;142
24285;75;410;13;423
24286;75;496;10;506
24287;75;125;2;127
24288;75;285;4;289
24289;75;1476;21;1497
24290;75;156;5;161
24291;75;2753;55;2808
24292;75;458;7;465
24293;75;300;4;304
24294;75;5704;69;5773
24295;75;1214;20;1234
24296;75;1139;15;1154
24297;75;942;13;955
24299;75;2762;50;2812
24300;75;369;10;379
24301;75;384;4;388
24302;75;308;2;310
24303;75;231;3;234
24304;75;974;23;997
24305;75;237;2;239
24306;75;126;4;130
24307;75;265;5;270
24308;75;797;10;807
24309;75;3611;67;3678
24311;75;3055;111;3166
24312;75;4604;101;4705
24313;75;53;0;53
24314;75;109;9;118
24316;75;789;16;805
24317;75;254;8;262
24318;75;312;8;320
24319;75;474;7;481
24320;75;974;17;991
24321;75;893;13;906
24322;75;29896;1580;31476
24323;75;183;5;188
24324;75;570;9;579
24325;75;206;4;210
24326;75;187;2;189
24327;75;127;3;130
24328;75;1179;20;1199
24329;75;1325;19;1344
24330;75;688;27;715
24331;75;721;23;744
24334;75;188;5;193
24335;75;2478;46;2524
24336;75;529;19;548
24337;75;147;2;149
24338;75;426;11;437
24339;75;148;0;148
24340;75;4143;80;4223
24341;75;1043;20;1063
24345;75;467;15;482
24346;75;377;9;386
24347;75;145;0;145
24348;75;305;1;306
24349;75;339;10;349
24350;75;2392;41;2433
24351;75;310;6;316
24352;75;3844;148;3992
24353;75;331;9;340
24354;75;3022;52;3074
24355;75;427;4;431
24356;75;1628;35;1663
24357;75;301;6;307
24359;75;122;0;122
24360;75;319;5;324
24361;75;445;8;453
24362;75;1588;26;1614
24364;75;567;20;587
24365;75;240;8;248
24366;75;856;20;876
24367;75;179;2;181
24370;75;1860;39;1899
24371;75;468;3;471
24372;75;5352;94;5446
24373;75;341;8;349
24374;75;353;4;357
24375;75;148;3;151
24376;75;1426;19;1445
24377;75;158;7;165
24378;75;81;1;82
24379;75;418;4;422
24380;75;484;2;486
24381;75;213;8;221
24382;75;526;9;535
24383;75;164;2;166
24384;75;37;1;38
24385;75;225;2;227
24386;75;215;10;225
24388;75;493;15;508
24390;75;342;9;351
24392;75;519;10;529
24393;75;88;0;88
24394;75;155;7;162
24395;75;368;6;374
24396;75;1548;34;1582
24397;75;236;7;243
24398;75;599;7;606
24399;75;105;4;109
24401;75;294;4;298
24403;75;65;0;65
24404;75;176;5;181
24405;75;327;9;336
24406;75;140;2;142
24407;75;240;7;247
24408;75;258;4;262
24409;75;1188;16;1204
24410;75;497;8;505
24411;75;162;2;164
24412;75;914;26;940
24413;75;269;0;269
24414;75;287;5;292
24415;75;251;2;253
24416;75;172;9;181
24417;75;471;8;479
24418;75;946;7;953
24419;75;864;19;883
24420;75;243;2;245
24421;75;197;6;203
24422;75;116;2;118
24423;75;310;3;313
24424;75;133;3;136
24425;75;364;6;370
24426;75;166;6;172
24428;75;601;38;639
24429;75;236;8;244
24432;75;637;17;654
24434;75;144;2;146
24436;75;1024;18;1042
24437;75;918;14;932
24438;75;236;9;245
24441;75;136;3;139
24442;75;2031;23;2054
24443;75;416;11;427
24444;75;304;7;311
24445;75;146;5;151
24446;75;50;3;53
24448;75;474;9;483
24449;75;941;7;948
24450;75;575;4;579
24451;75;796;18;814
24452;75;189;2;191
24453;75;362;6;368
24454;75;655;7;662
24455;75;734;10;744
24456;75;193;8;201
24457;75;138;1;139
24458;75;267;7;274
24459;75;284;9;293
24460;75;497;6;503
24461;75;822;17;839
24462;75;1706;24;1730
24463;75;547;15;562
24464;75;325;6;331
24465;75;236;6;242
24466;75;326;5;331
24468;75;305;6;311
24470;75;258;5;263
24471;75;625;12;637
24472;75;986;18;1004
24473;75;353;6;359
24474;75;168;1;169
24476;75;159;3;162
24477;75;193;5;198
24478;75;191;0;191
24479;75;1168;13;1181
24480;75;304;8;312
24481;75;519;0;519
24482;75;277;3;280
24483;75;140;7;147
24484;75;885;17;902
24485;75;420;2;422
24486;75;404;3;407
24487;75;1811;15;1826
24488;75;352;5;357
24489;75;380;5;385
24490;75;1115;14;1129
24491;75;579;9;588
24492;75;61;1;62
24493;75;93;2;95
24494;75;508;4;512
24495;75;113;3;116
24496;75;328;4;332
24498;75;827;22;849
24499;75;859;21;880
24500;75;149;7;156
24501;75;494;8;502
24502;75;90;0;90
24504;75;283;1;284
24505;75;352;3;355
24507;75;110;2;112
24508;75;210;5;215
24509;75;673;12;685
24510;75;361;12;373
24511;75;253;3;256
24512;75;287;10;297
24513;75;310;3;313
24514;75;245;2;247
24515;75;729;4;733
24516;75;1177;54;1231
24517;75;72;2;74
24518;75;280;4;284
24519;75;435;0;435
24520;75;8816;409;9225
24521;75;1027;19;1046
24522;75;368;11;379
24523;75;426;13;439
24524;75;179;5;184
24525;75;194;2;196
24526;75;713;9;722
24527;75;934;16;950
24528;75;127;2;129
24529;75;201;2;203
24531;75;212;3;215
24532;75;248;3;251
24533;75;80;4;84
24534;75;1202;240;1442
24535;75;254;3;257
24536;75;297;5;302
24537;75;249;4;253
24538;75;1059;11;1070
24540;75;1590;28;1618
24541;75;88;0;88
24542;75;80;3;83
24543;75;1107;14;1121
24544;75;386;10;396
24545;75;99;1;100
24546;75;38;0;38
24547;75;6266;106;6372
24548;75;274;5;279
24549;75;499;10;509
24550;75;1257;16;1273
24551;75;2871;185;3056
24552;75;250;4;254
24553;75;1742;37;1779
24554;75;574;13;587
24555;75;641;10;651
24557;75;7006;201;7207
24558;75;637;5;642
24559;75;332;10;342
24560;75;116;7;123
24562;75;270;11;281
24563;75;277;7;284
24564;75;690;106;796
24565;75;372;8;380
24566;75;472;4;476
24567;75;252;3;255
24568;75;1059;11;1070
24569;75;127;2;129
24570;75;42;1;43
24571;75;1693;14;1707
24572;75;191;5;196
24573;75;590;14;604
24574;75;343;8;351
24575;75;231;22;253
24576;75;242;10;252
24577;75;524;10;534
24580;75;265;2;267
24581;75;906;19;925
24582;75;454;9;463
24584;75;972;18;990
24585;75;676;12;688
24586;75;921;22;943
24587;75;817;21;838
25001;27;252;6;258
25002;27;305;5;310
25003;27;323;6;329
25004;27;1059;20;1079
25005;27;90;1;91
25006;27;88;2;90
25007;27;105;3;108
25008;27;467;4;471
25009;27;163;3;166
25011;27;740;16;756
25012;27;166;5;171
25013;27;260;3;263
25014;27;929;11;940
25015;27;704;21;725
25016;27;164;4;168
25017;27;92;3;95
25018;27;624;23;647
25019;27;381;11;392
25020;27;910;9;919
25021;27;1619;30;1649
25022;27;1468;39;1507
25024;27;900;30;930
25025;27;707;14;721
25026;27;214;5;219
25029;27;244;3;247
25030;27;430;11;441
25031;27;13341;208;13549
25032;27;425;10;435
25033;27;518;10;528
25035;27;2515;46;2561
25036;27;2227;31;2258
25038;27;161;4;165
25039;27;914;16;930
25040;27;810;14;824
25041;27;366;10;376
25042;27;228;8;236
25043;27;1951;53;2004
25044;27;59;0;59
25045;27;48;1;49
25046;27;74;2;76
25047;27;4989;162;5151
25048;27;3616;75;3691
25049;27;137;5;142
25050;27;500;5;505
25051;27;623;14;637
25052;27;67;0;67
25053;27;96;6;102
25054;27;524;13;537
25055;27;350;8;358
25056;27;117912;3232;121144
25057;27;5441;72;5513
25058;27;1345;11;1356
25059;27;270;5;275
25060;27;698;24;722
25061;27;116;1;117
25062;27;301;11;312
25063;27;1210;26;1236
25065;27;55;4;59
25066;27;84;1;85
25067;27;191;3;194
25070;27;373;15;388
25071;27;475;11;486
25072;27;21;1;22
25073;27;830;6;836
25074;27;978;21;999
25075;27;398;11;409
25077;27;72;0;72
25078;27;1064;24;1088
25079;27;438;11;449
25082;27;894;23;917
25083;27;191;1;192
25084;27;1166;17;1183
25085;27;388;8;396
25086;27;210;2;212
25087;27;179;3;182
25088;27;88;5;93
25089;27;94;2;96
25090;27;67;0;67
25091;27;471;8;479
25092;27;70;2;72
25093;27;76;0;76
25094;27;116;0;116
25095;27;278;3;281
25096;27;143;2;145
25097;27;478;12;490
25098;27;181;4;185
25099;27;225;6;231
25100;27;472;7;479
25101;27;571;12;583
25102;27;48;2;50
25103;27;636;14;650
25104;27;85;1;86
25105;27;588;6;594
25106;27;69;0;69
25107;27;192;0;192
25108;27;309;9;318
25109;27;326;10;336
25110;27;1020;19;1039
25111;27;362;12;374
25112;27;1312;26;1338
25113;27;142;3;145
25114;27;386;6;392
25115;27;279;3;282
25116;27;246;6;252
25117;27;91;0;91
25119;27;325;10;335
25120;27;398;10;408
25121;27;255;16;271
25122;27;525;7;532
25124;27;269;7;276
25125;27;324;5;329
25126;27;476;8;484
25127;27;2741;50;2791
25129;27;111;3;114
25130;27;11;0;11
25131;27;110;5;115
25132;27;138;4;142
25133;27;2023;56;2079
25134;27;8;0;8
25136;27;502;13;515
25138;27;125;5;130
25139;27;602;10;612
25141;27;122;6;128
25142;27;327;3;330
25143;27;207;11;218
25145;27;120;1;121
25147;27;2021;39;2060
25148;27;502;5;507
25149;27;506;11;517
25150;27;291;3;294
25151;27;133;5;138
25152;27;158;0;158
25153;27;132;1;133
25154;27;266;8;274
25155;27;299;13;312
25156;27;1169;22;1191
25157;27;1299;28;1327
25159;27;1220;24;1244
25160;27;750;27;777
25161;27;30;5;35
25162;27;208;6;214
25163;27;107;1;108
25164;27;144;2;146
25166;27;84;6;90
25170;27;1356;41;1397
25171;27;105;2;107
25172;27;232;3;235
25173;27;148;1;149
25174;27;244;3;247
25175;27;89;1;90
25176;27;315;5;320
25177;27;150;5;155
25178;27;124;3;127
25179;27;60;2;62
25180;27;115;6;121
25181;27;146;6;152
25182;27;92;0;92
25183;27;74;2;76
25184;27;281;12;293
25185;27;62;3;65
25186;27;1044;24;1068
25187;27;502;6;508
25188;27;750;26;776
25189;27;189;6;195
25190;27;1598;27;1625
25191;27;452;10;462
25192;27;170;4;174
25193;27;1856;46;1902
25194;27;112;0;112
25195;27;1522;290;1812
25196;27;1392;26;1418
25197;27;616;5;621
25198;27;726;21;747
25199;27;344;12;356
25200;27;1379;36;1415
25201;27;737;15;752
25202;27;314;5;319
25203;27;189;4;193
25204;27;3198;95;3293
25207;27;624;17;641
25208;27;178;4;182
25209;27;131;4;135
25210;27;159;4;163
25211;27;88;1;89
25212;27;2633;49;2682
25213;27;736;22;758
25214;27;491;10;501
25215;27;89;0;89
25216;27;265;10;275
25217;27;597;10;607
25218;27;160;7;167
25219;27;635;14;649
25220;27;594;15;609
25221;27;65;0;65
25222;27;1595;36;1631
25223;27;327;8;335
25224;27;835;13;848
25225;27;188;1;189
25226;27;218;4;222
25227;27;281;0;281
25228;27;3724;64;3788
25229;27;389;4;393
25230;27;3237;54;3291
25231;27;119;2;121
25232;27;100;2;102
25233;27;289;8;297
25234;27;175;7;182
25235;27;317;3;320
25236;27;288;3;291
25237;27;2172;34;2206
25238;27;157;2;159
25239;27;177;1;178
25240;27;3202;151;3353
25241;27;147;6;153
25242;27;119;0;119
25243;27;788;19;807
25244;27;84;3;87
25245;27;1251;22;1273
25246;27;280;10;290
25247;27;87;3;90
25248;27;549;112;661
25249;27;61;2;63
25251;27;174;8;182
25252;27;115;0;115
25253;27;393;4;397
25254;27;1405;31;1436
25255;27;349;13;362
25256;27;906;14;920
25257;27;268;4;272
25258;27;2295;39;2334
25259;27;1926;37;1963
25261;27;80;1;81
25262;27;466;24;490
25263;27;250;2;252
25264;27;84;2;86
25265;27;1317;20;1337
25266;27;116;3;119
25267;27;682;20;702
25268;27;115;2;117
25269;27;61;1;62
25270;27;121;6;127
25271;27;1691;38;1729
25273;27;207;4;211
25274;27;339;2;341
25275;27;201;4;205
25276;27;171;2;173
25277;27;73;0;73
25278;27;558;13;571
25279;27;119;1;120
25280;27;157;4;161
25281;27;282;0;282
25282;27;763;13;776
25283;27;64;1;65
25284;27;5786;73;5859
25285;27;1484;26;1510
25286;27;125;5;130
25287;27;1771;42;1813
25288;27;719;19;738
25289;27;73;3;76
25290;27;95;3;98
25293;27;1267;51;1318
25295;27;298;5;303
25296;27;788;28;816
25297;27;169;3;172
25298;27;242;8;250
25299;27;110;1;111
25300;27;297;5;302
25301;27;860;26;886
25303;27;226;6;232
25304;27;3662;62;3724
25305;27;593;17;610
25306;27;124;5;129
25307;27;913;11;924
25308;27;463;6;469
25309;27;1128;36;1164
25310;27;98;1;99
25311;27;207;4;211
25312;27;67;1;68
25313;27;195;3;198
25314;27;268;2;270
25315;27;2865;70;2935
25316;27;235;12;247
25317;27;265;5;270
25318;27;1801;33;1834
25320;27;1221;34;1255
25321;27;5188;116;5304
25322;27;406;10;416
25323;27;445;6;451
25324;27;162;8;170
25325;27;232;8;240
25326;27;529;13;542
25327;27;70;0;70
25328;27;786;11;797
25329;27;36;1;37
25330;27;181;3;184
25331;27;242;5;247
25332;27;575;10;585
25333;27;343;15;358
25334;27;2236;243;2479
25335;27;152;5;157
25336;27;543;5;548
25338;27;97;1;98
25339;27;223;2;225
25340;27;188;4;192
25341;27;178;6;184
25342;27;79;3;82
25343;27;165;3;168
25344;27;45;0;45
25345;27;670;14;684
25346;27;180;3;183
25347;27;823;21;844
25348;27;609;16;625
25349;27;564;15;579
25350;27;736;22;758
25351;27;234;1;235
25354;27;159;0;159
25355;27;62;0;62
25356;27;4266;103;4369
25357;27;852;8;860
25359;27;160;5;165
25360;27;171;4;175
25361;27;844;25;869
25362;27;284;12;296
25364;27;1795;18;1813
25365;27;305;5;310
25366;27;193;6;199
25367;27;4795;150;4945
25368;27;1479;21;1500
25369;27;162;3;165
25370;27;2152;37;2189
25371;27;211;7;218
25372;27;275;12;287
25373;27;46;2;48
25374;27;555;16;571
25375;27;442;10;452
25376;27;154;5;159
25377;27;231;6;237
25378;27;346;8;354
25379;27;71;4;75
25380;27;1339;36;1375
25381;27;2555;37;2592
25382;27;609;6;615
25383;27;276;6;282
25384;27;97;1;98
25385;27;128;3;131
25386;27;126;3;129
25387;27;385;9;394
25388;27;25806;559;26365
25389;27;113;4;117
25390;27;399;12;411
25391;27;179;6;185
25392;27;192;5;197
25393;27;549;7;556
25394;27;1472;43;1515
25395;27;1570;49;1619
25397;27;2180;42;2222
25398;27;115;4;119
25400;27;472;9;481
25401;27;26;0;26
25402;27;24;1;25
25403;27;2129;71;2200
25404;27;91;2;93
25405;27;899;41;940
25406;27;566;14;580
25408;27;56;1;57
25410;27;1342;62;1404
25411;27;6853;336;7189
25413;27;1047;36;1083
25414;27;123;2;125
25415;27;341;5;346
25416;27;183;4;187
25417;27;804;20;824
25418;27;1259;29;1288
25419;27;94;4;98
25420;27;166;4;170
25421;27;72;4;76
25422;27;178;4;182
25424;27;1544;32;1576
25425;27;455;16;471
25426;27;335;6;341
25427;27;394;5;399
25428;27;1619;38;1657
25429;27;1497;41;1538
25430;27;39;0;39
25431;27;339;13;352
25432;27;2149;58;2207
25433;27;41;1;42
25434;27;4423;104;4527
25435;27;163;4;167
25436;27;57;2;59
25437;27;345;3;348
25438;27;956;15;971
25439;27;254;2;256
25440;27;376;8;384
25441;27;65;1;66
25442;27;728;12;740
25443;27;78;1;79
25444;27;141;4;145
25445;27;124;2;126
25446;27;191;10;201
25447;27;344;5;349
25448;27;1526;29;1555
25449;27;138;1;139
25450;27;86;3;89
25451;27;142;3;145
25452;27;470;12;482
25453;27;1396;39;1435
25454;27;2127;42;2169
25455;27;198;4;202
25456;27;268;9;277
25457;27;109;0;109
25458;27;214;5;219
25459;27;314;10;324
25460;27;242;24;266
25461;27;304;2;306
25462;27;17542;898;18440
25463;27;4124;74;4198
25464;27;132;4;136
25465;27;203;3;206
25466;27;828;18;846
25467;27;1982;42;2024
25468;27;846;19;865
25469;27;458;12;470
25470;27;157;5;162
25471;27;138;3;141
25472;27;31;3;34
25473;27;731;21;752
25474;27;113;3;116
25475;27;1441;14;1455
25476;27;125;0;125
25477;27;396;6;402
25478;27;122;2;124
25479;27;401;4;405
25481;27;334;5;339
25482;27;667;3;670
25483;27;39;3;42
25485;27;233;4;237
25486;27;425;11;436
25487;27;46;3;49
25488;27;109;6;115
25489;27;284;27;311
25490;27;375;19;394
25491;27;116;3;119
25492;27;94;3;97
25493;27;920;26;946
25494;27;711;24;735
25495;27;2157;26;2183
25496;27;101;0;101
25497;27;617;14;631
25498;27;48;0;48
25499;27;124;2;126
25500;27;87;1;88
25501;27;37;1;38
25502;27;546;4;550
25503;27;116;4;120
25504;27;80;2;82
25505;27;1035;27;1062
25506;27;92;0;92
25507;27;75;2;77
25508;27;1130;23;1153
25510;27;361;9;370
25511;27;348;6;354
25512;27;2408;52;2460
25513;27;47;0;47
25514;27;341;17;358
25515;27;428;8;436
25516;27;124;6;130
25517;27;284;4;288
25518;27;157;9;166
25519;27;887;13;900
25520;27;176;3;179
25521;27;163;5;168
25522;27;187;3;190
25523;27;680;15;695
25524;27;903;26;929
25525;27;292;12;304
25526;27;1455;41;1496
25527;27;4922;73;4995
25528;27;74;0;74
25529;27;1308;27;1335
25532;27;3231;69;3300
25533;27;15;0;15
25534;27;193;4;197
25535;27;229;6;235
25536;27;187;2;189
25537;27;284;9;293
25538;27;116;4;120
25539;27;5726;143;5869
25540;27;307;6;313
25541;27;371;8;379
25542;27;1764;30;1794
25544;27;208;9;217
25545;27;144;2;146
25546;27;60;1;61
25547;27;3829;41;3870
25548;27;139;7;146
25549;27;632;7;639
25550;27;242;7;249
25551;27;131;1;132
25552;27;117;2;119
25553;27;399;9;408
25554;27;116;3;119
25555;27;1098;25;1123
25556;27;47;3;50
25557;27;425;8;433
25558;27;1528;24;1552
25559;27;257;6;263
25560;27;3020;42;3062
25561;27;348;9;357
25562;27;213;6;219
25563;27;122;2;124
25564;27;1019;16;1035
25565;27;275;13;288
25566;27;300;4;304
25567;27;117;3;120
25569;27;540;11;551
25570;27;26;1;27
25571;27;498;11;509
25572;27;105;5;110
25573;27;13;0;13
25574;27;175;1;176
25575;27;807;10;817
25578;27;5748;101;5849
25579;27;206;3;209
25580;27;11272;169;11441
25582;27;142;2;144
25583;27;251;5;256
25584;27;125;4;129
25586;27;815;31;846
25588;27;120;30;150
25589;27;84;1;85
25590;27;84;2;86
25591;27;157;0;157
25592;27;624;14;638
25594;27;352;4;356
25595;27;93;0;93
25596;27;71;1;72
25597;27;236;3;239
25598;27;522;7;529
25599;27;256;8;264
25600;27;205;4;209
25601;27;1664;83;1747
25602;27;115;5;120
25604;27;126;4;130
25605;27;471;11;482
25607;27;60;1;61
25608;27;175;2;177
25609;27;476;11;487
25611;27;478;7;485
25612;27;692;20;712
25613;27;94;2;96
25614;27;2793;54;2847
25615;27;441;6;447
25616;27;280;3;283
25617;27;353;6;359
25618;27;347;8;355
25619;27;202;3;205
25620;27;336;7;343
25621;27;227;36;263
25622;27;259;1;260
25623;27;126;1;127
25624;27;148;3;151
25625;27;52;1;53
25626;27;221;8;229
25627;27;304;5;309
25628;27;210;3;213
25629;27;204;6;210
25630;27;80;0;80
25631;27;601;11;612
25632;27;3148;85;3233
25633;27;735;13;748
25634;27;637;23;660
25635;27;188;3;191
26001;84;428;8;436
26002;84;1985;37;2022
26003;84;50;0;50
26004;84;2546;77;2623
26005;84;1791;50;1841
26006;84;2495;77;2572
26007;84;104;7;111
26008;84;1370;28;1398
26009;84;1337;35;1372
26010;84;4063;97;4160
26011;84;2580;42;2622
26012;84;21;3;24
26013;84;77;3;80
26014;84;594;8;602
26015;84;77;4;81
26016;84;418;16;434
26017;84;16;0;16
26018;84;12;1;13
26019;84;244;3;247
26020;84;242;6;248
26021;84;124;4;128
26022;84;88;3;91
26023;84;1105;19;1124
26024;84;354;10;364
26025;84;201;10;211
26026;84;66;0;66
26027;84;139;2;141
26028;84;235;13;248
26030;84;2;0;2
26031;84;1029;27;1056
26032;84;452;9;461
26033;84;926;17;943
26034;84;576;9;585
26035;84;477;8;485
26036;84;105;4;109
26037;84;3984;85;4069
26038;84;1324;33;1357
26039;84;874;13;887
26040;84;69;2;71
26041;84;1427;26;1453
26042;84;1599;26;1625
26043;84;144;5;149
26045;84;1654;47;1701
26046;84;68;3;71
26047;84;92;0;92
26048;84;72;1;73
26049;84;1250;37;1287
26050;84;86;2;88
26051;84;67;2;69
26052;84;481;12;493
26054;84;1544;22;1566
26055;84;153;2;155
26056;84;679;15;694
26057;84;9957;145;10102
26058;84;19792;566;20358
26059;84;212;3;215
26060;84;147;6;153
26061;84;595;10;605
26062;84;36;3;39
26063;84;2325;95;2420
26064;84;6814;179;6993
26065;84;751;8;759
26066;84;41;0;41
26067;84;58;1;59
26068;84;211;6;217
26069;84;129;3;132
26070;84;527;11;538
26071;84;1084;33;1117
26072;84;1292;20;1312
26073;84;242;3;245
26074;84;720;132;852
26075;84;28;1;29
26076;84;27;0;27
26077;84;887;22;909
26078;84;935;14;949
26079;84;1500;38;1538
26080;84;43;0;43
26081;84;576;24;600
26082;84;102;1;103
26083;84;1831;580;2411
26084;84;3945;147;4092
26085;84;2724;52;2776
26086;84;666;12;678
26087;84;1316;45;1361
26088;84;5934;136;6070
26089;84;61;1;62
26090;84;33;0;33
26091;84;42;0;42
26092;84;735;11;746
26093;84;531;13;544
26094;84;862;24;886
26095;84;922;32;954
26096;84;2061;37;2098
26097;84;616;16;632
26098;84;167;5;172
26099;84;556;12;568
26100;84;449;15;464
26101;84;143;10;153
26102;84;136;7;143
26103;84;499;4;503
26104;84;89;0;89
26105;84;72;1;73
26106;84;1157;22;1179
26107;84;542;15;557
26108;84;8680;274;8954
26110;84;659;10;669
26111;84;100;1;101
26112;84;197;8;205
26113;84;4718;240;4958
26114;84;3239;136;3375
26115;84;663;70;733
26116;84;5921;102;6023
26117;84;56;4;60
26118;84;1510;22;1532
26119;84;806;7;813
26121;84;1103;41;1144
26122;84;179;2;181
26123;84;25;0;25
26124;84;5520;127;5647
26125;84;1387;33;1420
26126;84;91;0;91
26127;84;115;2;117
26128;84;74;0;74
26129;84;1026;22;1048
26130;84;24;0;24
26131;84;150;1;151
26133;84;163;4;167
26134;84;83;1;84
26135;84;124;2;126
26136;84;51;0;51
26137;84;191;2;193
26138;84;1115;34;1149
26139;84;2392;57;2449
26140;84;717;28;745
26141;84;210;5;215
26142;84;118;1;119
26143;84;906;51;957
26144;84;1961;51;2012
26145;84;664;20;684
26146;84;1577;44;1621
26147;84;19;1;20
26148;84;1894;57;1951
26149;84;991;8;999
26150;84;11;0;11
26152;84;27;0;27
26153;84;98;1;99
26154;84;240;4;244
26155;84;1221;18;1239
26156;84;1057;43;1100
26157;84;748;17;765
26159;84;116;2;118
26160;84;1232;17;1249
26161;84;49;0;49
26162;84;891;29;920
26163;84;51;0;51
26164;84;56;1;57
26165;84;9202;152;9354
26166;84;6616;94;6710
26167;84;538;1;539
26168;84;535;14;549
26169;84;2182;42;2224
26170;84;3207;97;3304
26171;84;191;9;200
26172;84;664;10;674
26173;84;876;20;896
26174;84;1116;32;1148
26175;84;224;9;233
26176;84;1301;42;1343
26177;84;700;22;722
26178;84;534;7;541
26179;84;2732;56;2788
26180;84;220;6;226
26181;84;235;7;242
26182;84;1550;35;1585
26183;84;1170;30;1200
26185;84;587;14;601
26186;84;53;1;54
26188;84;1064;24;1088
26189;84;119;2;121
26190;84;85;2;87
26191;84;2400;60;2460
26192;84;275;11;286
26193;84;442;9;451
26194;84;581;16;597
26195;84;191;3;194
26196;84;1796;140;1936
26197;84;4271;118;4389
26198;84;39818;1234;41052
26199;84;28;0;28
26200;84;75;1;76
26201;84;48;6;54
26202;84;332;11;343
26203;84;281;6;287
26204;84;143;5;148
26205;84;85;0;85
26206;84;2942;101;3043
26207;84;696;18;714
26208;84;1937;36;1973
26209;84;24;0;24
26210;84;1025;24;1049
26211;84;1348;27;1375
26212;84;1200;30;1230
26213;84;681;15;696
26214;84;75;0;75
26215;84;416;22;438
26216;84;795;15;810
26217;84;193;3;196
26218;84;3229;56;3285
26219;84;473;8;481
26220;84;6772;186;6958
26221;84;71;2;73
26222;84;39;0;39
26223;84;523;6;529
26224;84;267;8;275
26225;84;699;21;720
26226;84;368;6;374
26227;84;27;0;27
26228;84;40;0;40
26229;84;95;1;96
26231;84;2629;69;2698
26232;84;592;8;600
26233;84;242;9;251
26234;84;873;17;890
26235;84;13510;259;13769
26236;84;214;4;218
26238;84;240;2;242
26239;84;206;4;210
26240;84;147;3;150
26241;84;132;2;134
26242;84;17;0;17
26243;84;968;39;1007
26244;84;134;1;135
26245;84;6;0;6
26246;84;126;4;130
26247;84;531;8;539
26248;84;175;5;180
26249;84;672;17;689
26250;84;3573;49;3622
26251;84;412;12;424
26252;84;10680;151;10831
26253;84;72;1;73
26254;84;18;0;18
26255;84;23;0;23
26256;84;141;2;143
26257;84;453;21;474
26258;84;887;29;916
26259;84;266;12;278
26261;84;396;11;407
26262;84;260;7;267
26263;84;146;2;148
26264;84;329;7;336
26266;84;24;0;24
26267;84;25;1;26
26268;84;122;0;122
26269;84;56;0;56
26270;84;125;2;127
26271;84;3395;64;3459
26272;84;361;9;370
26273;84;1023;20;1043
26274;84;1;0;1
26275;84;1640;46;1686
26276;84;464;14;478
26277;84;164;4;168
26278;84;283;10;293
26279;84;60;2;62
26281;84;33098;680;33778
26282;84;187;8;195
26283;84;23;0;23
26284;84;382;8;390
26285;84;280;9;289
26286;84;24;1;25
26287;84;485;15;500
26288;84;308;6;314
26289;84;1364;21;1385
26290;84;362;10;372
26291;84;84;2;86
26292;84;212;4;216
26293;84;324;8;332
26294;84;603;18;621
26295;84;1858;30;1888
26296;84;31;1;32
26298;84;419;5;424
26299;84;105;4;109
26300;84;48;1;49
26301;84;4248;90;4338
26302;84;547;11;558
26303;84;73;4;77
26304;84;275;3;278
26305;84;1083;22;1105
26306;84;316;5;321
26307;84;2809;66;2875
26308;84;150;0;150
26309;84;231;5;236
26310;84;157;4;161
26311;84;1419;50;1469
26312;84;1289;46;1335
26313;84;6289;128;6417
26314;84;382;16;398
26315;84;352;13;365
26316;84;204;7;211
26317;84;792;13;805
26318;84;35;1;36
26319;84;566;11;577
26320;84;814;10;824
26321;84;209;9;218
26322;84;420;22;442
26323;84;1829;48;1877
26324;84;8736;436;9172
26325;84;6758;66;6824
26326;84;1443;47;1490
26327;84;215;3;218
26328;84;54;1;55
26329;84;180;6;186
26330;84;2254;44;2298
26331;84;608;14;622
26332;84;2062;20;2082
26333;84;3960;152;4112
26334;84;139;2;141
26335;84;195;3;198
26336;84;567;23;590
26337;84;1844;30;1874
26338;84;1823;58;1881
26339;84;1487;42;1529
26340;84;258;4;262
26341;84;726;12;738
26342;84;318;7;325
26343;84;103;2;105
26344;84;392;7;399
26345;84;2155;55;2210
26346;84;231;5;236
26347;84;6106;206;6312
26348;84;1650;28;1678
26349;84;368;5;373
26350;84;75;1;76
26351;84;30;0;30
26352;84;258;7;265
26353;84;1032;18;1050
26355;84;602;8;610
26356;84;119;4;123
26357;84;2012;40;2052
26358;84;1519;43;1562
26359;84;36;0;36
26360;84;660;26;686
26361;84;140;3;143
26362;84;64749;1400;66149
26363;84;38;0;38
26364;84;326;8;334
26365;84;585;11;596
26367;84;692;20;712
26368;84;464;6;470
26369;84;58;1;59
26370;84;138;5;143
26371;84;47;2;49
26372;84;39;1;40
26373;84;245;8;253
26374;84;15;0;15
26375;84;17;1;18
26376;84;107;1;108
26377;84;1031;24;1055
26378;84;33;0;33
26379;84;908;10;918
26380;84;550;10;560
26381;84;904;12;916
26382;84;568;7;575
27001;28;327;9;336
27002;28;464;8;472
27003;28;1619;33;1652
27004;28;425;8;433
27005;28;1171;18;1189
27006;28;148;3;151
27008;28;1592;16;1608
27009;28;566;11;577
27010;28;170;7;177
27011;28;1196;14;1210
27012;28;447;16;463
27013;28;486;11;497
27014;28;848;23;871
27015;28;1303;31;1334
27016;28;8070;140;8210
27017;28;1363;37;1400
27018;28;992;11;1003
27019;28;163;7;170
27020;28;1676;43;1719
27021;28;340;9;349
27022;28;5350;109;5459
27023;28;708;20;728
27025;28;956;19;975
27026;28;432;9;441
27027;28;286;7;293
27028;28;336;4;340
27031;28;1101;39;1140
27032;28;1390;31;1421
27033;28;306;7;313
27034;28;632;9;641
27035;28;102;1;103
27036;28;550;21;571
27037;28;1178;22;1200
27038;28;279;6;285
27039;28;517;36;553
27040;28;448;5;453
27042;28;78;0;78
27043;28;676;21;697
27044;28;820;37;857
27045;28;772;12;784
27046;28;149;1;150
27047;28;330;8;338
27048;28;187;3;190
27049;28;4554;118;4672
27050;28;641;15;656
27051;28;2794;38;2832
27052;28;396;3;399
27053;28;219;5;224
27054;28;582;8;590
27055;28;331;6;337
27056;28;9848;311;10159
27057;28;285;6;291
27058;28;1769;43;1812
27059;28;306;3;309
27061;28;327;5;332
27062;28;1567;47;1614
27063;28;255;1;256
27064;28;676;9;685
27065;28;4666;58;4724
27066;28;328;6;334
27067;28;1549;28;1577
27068;28;174;2;176
27069;28;695;16;711
27070;28;1726;35;1761
27071;28;215;2;217
27072;28;748;22;770
27073;28;1214;18;1232
27074;28;277;8;285
27075;28;340;4;344
27076;28;493;9;502
27077;28;856;10;866
27078;28;266;11;277
27079;28;362;5;367
27081;28;183;7;190
27082;28;2075;49;2124
27083;28;261;4;265
27085;28;1517;22;1539
27089;28;1009;17;1026
27090;28;3649;65;3714
27091;28;737;5;742
27094;28;126;1;127
27095;28;665;11;676
27096;28;346;11;357
27097;28;661;12;673
27098;28;83;3;86
27099;28;798;10;808
27100;28;1185;24;1209
27101;28;523;10;533
27102;28;1033;22;1055
27103;28;3942;73;4015
27104;28;702;10;712
27105;28;3957;79;4036
27106;28;478;5;483
27107;28;1324;25;1349
27108;28;1204;33;1237
27109;28;398;7;405
27110;28;627;8;635
27111;28;202;5;207
27112;28;4331;125;4456
27113;28;139;2;141
27114;28;1216;23;1239
27115;28;338;7;345
27116;28;4199;152;4351
27117;28;1024;20;1044
27118;28;646;10;656
27119;28;1615;29;1644
27120;28;404;5;409
27123;28;491;12;503
27124;28;214;1;215
27125;28;660;10;670
27126;28;1134;22;1156
27127;28;699;22;721
27129;28;594;15;609
27130;28;419;11;430
27132;28;860;24;884
27133;28;1062;10;1072
27134;28;215;0;215
27135;28;459;11;470
27136;28;276;4;280
27137;28;201;5;206
27138;28;396;10;406
27139;28;172;6;178
27140;28;412;11;423
27141;28;63;0;63
27142;28;281;7;288
27144;28;278;5;283
27146;28;375;5;380
27147;28;688;11;699
27148;28;408;10;418
27149;28;113;3;116
27151;28;1734;22;1756
27152;28;556;9;565
27153;28;367;6;373
27154;28;598;16;614
27155;28;107;2;109
27156;28;472;17;489
27157;28;1326;20;1346
27158;28;768;28;796
27161;28;1083;21;1104
27162;28;243;5;248
27163;28;207;1;208
27164;28;819;8;827
27165;28;4995;65;5060
27167;28;657;6;663
27168;28;180;7;187
27169;28;1010;12;1022
27170;28;1193;21;1214
27171;28;385;10;395
27173;28;122;3;125
27174;28;1370;26;1396
27176;28;218;5;223
27177;28;549;13;562
27179;28;716;16;732
27180;28;2098;38;2136
27181;28;603;12;615
27182;28;157;3;160
27183;28;2308;43;2351
27184;28;124;3;127
27185;28;594;6;600
27187;28;330;6;336
27188;28;1489;14;1503
27189;28;432;7;439
27190;28;207;4;211
27191;28;2500;64;2564
27192;28;608;11;619
27193;28;1377;16;1393
27194;28;250;2;252
27196;28;1371;8;1379
27198;28;6126;254;6380
27199;28;571;12;583
27200;28;149;7;156
27201;28;235;6;241
27202;28;464;8;472
27203;28;478;17;495
27204;28;284;7;291
27205;28;452;4;456
27206;28;451;3;454
27207;28;591;7;598
27208;28;151;2;153
27209;28;601;11;612
27210;28;474;12;486
27212;28;109;2;111
27213;28;5952;136;6088
27214;28;816;14;830
27215;28;391;10;401
27216;28;493;25;518
27217;28;556;9;565
27218;28;1580;23;1603
27219;28;549;7;556
27220;28;349;8;357
27222;28;198;4;202
27224;28;460;10;470
27226;28;3730;82;3812
27227;28;665;11;676
27228;28;300;3;303
27229;28;46349;1225;47574
27230;28;3702;55;3757
27231;28;447;7;454
27232;28;344;7;351
27233;28;727;11;738
27234;28;348;6;354
27235;28;171;3;174
27237;28;166;2;168
27238;28;1162;29;1191
27239;28;419;7;426
27240;28;221;4;225
27241;28;175;5;180
27242;28;1017;14;1031
27243;28;739;10;749
27245;28;259;8;267
27246;28;1834;19;1853
27247;28;324;3;327
27248;28;197;3;200
27249;28;1155;21;1176
27251;28;549;8;557
27252;28;328;7;335
27254;28;846;23;869
27256;28;624;9;633
27258;28;522;7;529
27259;28;90;4;94
27260;28;663;8;671
27261;28;448;12;460
27263;28;1244;13;1257
27266;28;317;2;319
27267;28;350;4;354
27269;28;194;3;197
27271;28;329;13;342
27273;28;381;7;388
27275;28;6860;98;6958
27276;28;285;8;293
27277;28;737;15;752
27278;28;1945;38;1983
27279;28;3058;52;3110
27280;28;837;7;844
27281;28;226;8;234
27282;28;606;13;619
27284;28;11696;166;11862
27285;28;494;13;507
27286;28;409;5;414
27287;28;865;17;882
27288;28;599;14;613
27289;28;168;3;171
27290;28;1256;16;1272
27291;28;126;11;137
27294;28;991;16;1007
27295;28;478;15;493
27298;28;315;6;321
27299;28;3994;81;4075
27300;28;527;4;531
27301;28;1334;28;1362
27302;28;1305;13;1318
27304;28;166;4;170
27306;28;2954;60;3014
27307;28;466;7;473
27309;28;504;7;511
27310;28;426;8;434
27311;28;1086;5;1091
27312;28;273;13;286
27313;28;609;5;614
27315;28;269;8;277
27316;28;1278;27;1305
27317;28;458;10;468
27318;28;259;3;262
27319;28;307;5;312
27320;28;304;0;304
27321;28;134;5;139
27322;28;1392;19;1411
27323;28;281;3;284
27324;28;617;14;631
27325;28;187;3;190
27326;28;318;13;331
27327;28;212;8;220
27329;28;771;22;793
27330;28;133;4;137
27331;28;456;10;466
27332;28;782;12;794
27333;28;718;7;725
27334;28;109;1;110
27335;28;1077;32;1109
27336;28;431;4;435
27337;28;356;6;362
27338;28;674;8;682
27339;28;790;15;805
27340;28;710;8;718
27341;28;67;3;70
27342;28;202;6;208
27343;28;1280;55;1335
27345;28;209;2;211
27346;28;234;4;238
27347;28;785;26;811
27348;28;1756;20;1776
27349;28;867;13;880
27350;28;999;17;1016
27351;28;1423;24;1447
27353;28;470;8;478
27354;28;426;4;430
27355;28;2665;30;2695
27358;28;591;13;604
27359;28;226;1;227
27360;28;329;7;336
27361;28;386;5;391
27363;28;221;7;228
27364;28;195;3;198
27365;28;2028;38;2066
27366;28;207;3;210
27367;28;1487;15;1502
27368;28;335;9;344
27369;28;79;2;81
27370;28;329;9;338
27371;28;159;1;160
27372;28;682;5;687
27373;28;118;2;120
27374;28;530;14;544
27375;28;18518;403;18921
27376;28;223;5;228
27377;28;712;6;718
27378;28;1143;24;1167
27379;28;444;8;452
27380;28;265;4;269
27381;28;162;0;162
27382;28;319;9;328
27383;28;376;11;387
27384;28;498;11;509
27385;28;1497;41;1538
27386;28;1329;7;1336
27388;28;487;9;496
27389;28;462;17;479
27390;28;1121;16;1137
27391;28;1599;21;1620
27392;28;150;4;154
27393;28;503;2;505
27394;28;492;11;503
27395;28;88;1;89
27396;28;467;9;476
27397;28;1737;42;1779
27398;28;1476;105;1581
27399;28;52;1;53
27400;28;342;4;346
27401;28;177;3;180
27403;28;236;12;248
27404;28;91;1;92
27405;28;102;5;107
27406;28;889;24;913
27407;28;325;9;334
27408;28;603;19;622
27410;28;643;7;650
27411;28;232;2;234
27412;28;1491;35;1526
27413;28;777;12;789
27414;28;843;10;853
27415;28;369;7;376
27417;28;669;12;681
27418;28;105;0;105
27419;28;760;17;777
27420;28;164;7;171
27421;28;640;13;653
27422;28;876;22;898
27423;28;772;18;790
27424;28;326;8;334
27425;28;2406;46;2452
27426;28;1318;7;1325
27427;28;420;8;428
27428;28;4241;221;4462
27429;28;183;0;183
27430;28;343;3;346
27431;28;578;6;584
27432;28;697;7;704
27433;28;191;2;193
27434;28;55;0;55
27435;28;285;3;288
27436;28;440;6;446
27437;28;340;6;346
27438;28;2275;40;2315
27439;28;1133;37;1170
27440;28;659;22;681
27441;28;74;1;75
27442;28;198;7;205
27444;28;230;2;232
27445;28;253;4;257
27446;28;479;3;482
27447;28;898;56;954
27448;28;5056;127;5183
27451;28;292;6;298
27453;28;1802;20;1822
27454;28;465;7;472
27455;28;165;3;168
27456;28;760;18;778
27457;28;696;12;708
27458;28;2648;27;2675
27459;28;73;2;75
27460;28;205;5;210
27462;28;161;1;162
27463;28;721;8;729
27464;28;911;19;930
27465;28;402;13;415
27466;28;336;5;341
27467;28;9982;272;10254
27468;28;602;8;610
27469;28;4146;58;4204
27470;28;1134;22;1156
27471;28;205;7;212
27472;28;276;3;279
27473;28;909;26;935
27474;28;1158;22;1180
27475;28;164;1;165
27476;28;388;8;396
27477;28;697;26;723
27478;28;949;25;974
27480;28;652;7;659
27481;28;403;54;457
27482;28;169;4;173
27483;28;435;6;441
27485;28;833;8;841
27486;28;654;18;672
27487;28;662;2;664
27488;28;194;4;198
27489;28;521;13;534
27490;28;267;4;271
27492;28;317;10;327
27493;28;3288;52;3340
27495;28;237;2;239
27496;28;516;6;522
27497;28;1045;17;1062
27498;28;367;4;371
27500;28;1679;56;1735
27501;28;259;6;265
27502;28;2214;28;2242
27504;28;1288;38;1326
27505;28;165;1;166
27507;28;4031;66;4097
27508;28;198;2;200
27511;28;721;11;732
27512;28;336;7;343
27514;28;380;2;382
27516;28;1412;34;1446
27517;28;2093;47;2140
27518;28;749;13;762
27520;28;142;1;143
27521;28;138;6;144
27522;28;436;4;440
27524;28;868;6;874
27525;28;298;18;316
27527;28;205;7;212
27528;28;3681;82;3763
27529;28;435;9;444
27530;28;82;3;85
27531;28;206;4;210
27533;28;494;20;514
27534;28;886;10;896
27535;28;438;9;447
27536;28;538;15;553
27537;28;876;14;890
27538;28;547;9;556
27539;28;385;13;398
27540;28;670;15;685
27541;28;220;6;226
27542;28;887;15;902
27543;28;887;11;898
27544;28;204;5;209
27545;28;123;5;128
27546;28;168;2;170
27547;28;871;21;892
27548;28;1174;25;1199
27550;28;307;7;314
27552;28;249;5;254
27553;28;422;2;424
27554;28;3338;105;3443
27555;28;246;5;251
27556;28;65;0;65
27557;28;464;6;470
27558;28;179;6;185
27560;28;251;12;263
27561;28;652;11;663
27562;28;4425;136;4561
27563;28;825;23;848
27564;28;333;6;339
27565;28;681;9;690
27567;28;280;6;286
27568;28;495;8;503
27569;28;245;10;255
27570;28;100;2;102
27571;28;336;10;346
27572;28;289;4;293
27576;28;650;15;665
27577;28;435;11;446
27578;28;596;16;612
27579;28;99;2;101
27580;28;2426;31;2457
27582;28;1696;16;1712
27584;28;282;9;291
27586;28;173;1;174
27587;28;789;6;795
27589;28;968;32;1000
27590;28;236;3;239
27591;28;595;12;607
27592;28;246;3;249
27593;28;1614;22;1636
27594;28;276;1;277
27595;28;1012;13;1025
27597;28;585;1;586
27598;28;1249;26;1275
27599;28;911;10;921
27601;28;433;10;443
27602;28;5594;169;5763
27603;28;313;6;319
27604;28;157;2;159
27605;28;237;5;242
27606;28;488;1;489
27608;28;446;9;455
27609;28;333;6;339
27610;28;56;1;57
27611;28;321;10;331
27612;28;333;6;339
27613;28;379;4;383
27614;28;167;2;169
27615;28;192;3;195
27616;28;1890;52;1942
27617;28;530;9;539
27618;28;470;11;481
27620;28;465;2;467
27621;28;170;5;175
27622;28;1852;55;1907
27623;28;492;9;501
27624;28;883;24;907
27625;28;359;2;361
27627;28;245;12;257
27629;28;1789;16;1805
27630;28;318;40;358
27631;28;372;4;376
27632;28;579;8;587
27633;28;495;4;499
27635;28;141;1;142
27638;28;3700;52;3752
27640;28;192;4;196
27641;28;260;5;265
27643;28;1069;23;1092
27644;28;558;41;599
27645;28;155;4;159
27646;28;446;5;451
27649;28;353;7;360
27650;28;468;8;476
27652;28;310;8;318
27654;28;1121;12;1133
27655;28;730;160;890
27656;28;1311;31;1342
27658;28;362;6;368
27659;28;123;6;129
27660;28;237;2;239
27661;28;425;9;434
27662;28;330;11;341
27663;28;167;4;171
27664;28;513;7;520
27665;28;762;13;775
27666;28;565;19;584
27667;28;384;9;393
27668;28;701;11;712
27669;28;441;6;447
27670;28;961;18;979
27671;28;164;7;171
27672;28;357;1;358
27673;28;178;4;182
27674;28;267;7;274
27677;28;413;8;421
27678;28;1040;24;1064
27679;28;7614;364;7978
27680;28;193;6;199
27681;28;23727;677;24404
27682;28;657;16;673
27683;28;232;3;235
27684;28;831;14;845
27685;28;659;18;677
27686;28;48;0;48
27689;28;348;16;364
27690;28;311;1;312
27691;28;863;19;882
27692;28;161;6;167
27693;28;1296;32;1328
27694;28;314;15;329
27695;28;281;6;287
27696;28;932;17;949
27697;28;330;17;347
27698;28;559;13;572
27699;28;119;3;122
27700;28;728;5;733
27701;28;12910;287;13197
28001;24;2390;56;2446
28003;24;139;4;143
28004;24;316;3;319
28005;24;747;90;837
28006;24;1825;47;1872
28007;24;2697;103;2800
28008;24;206;2;208
28009;24;72;1;73
28010;24;325;8;333
28012;24;3653;63;3716
28013;24;1549;25;1574
28014;24;668;7;675
28015;24;6090;87;6177
28016;24;131;6;137
28018;24;1501;16;1517
28019;24;208;4;212
28021;24;1581;30;1611
28022;24;1139;31;1170
28023;24;1376;26;1402
28024;24;1722;60;1782
28025;24;107;2;109
28026;24;246;0;246
28027;24;1224;20;1244
28028;24;260;5;265
28029;24;318;7;325
28030;24;275;8;283
28031;24;390;111;501
28032;24;339;4;343
28033;24;799;32;831
28034;24;888;12;900
28035;24;979;23;1002
28036;24;847;20;867
28037;24;334;5;339
28038;24;112;5;117
28039;24;1671;31;1702
28040;24;324;9;333
28041;24;276;2;278
28045;24;224;6;230
28046;24;485;9;494
28047;24;724;15;739
28048;24;742;14;756
28049;24;244;5;249
28050;24;267;6;273
28051;24;4846;100;4946
28052;24;752;15;767
28053;24;250;3;253
28054;24;504;11;515
28055;24;560;9;569
28056;24;1699;46;1745
28057;24;592;9;601
28058;24;358;4;362
28059;24;1823;28;1851
28060;24;263;5;268
28061;24;3311;36;3347
28062;24;899;15;914
28064;24;2007;51;2058
28065;24;108;5;113
28067;24;90;2;92
28068;24;433;10;443
28070;24;3715;109;3824
28071;24;688;3;691
28072;24;413;0;413
28073;24;343;1;344
28074;24;256;4;260
28075;24;1016;181;1197
28076;24;194;3;197
28077;24;176;3;179
28078;24;184;4;188
28079;24;300;4;304
28080;24;254;3;257
28081;24;306;5;311
28082;24;634;14;648
28084;24;711;9;720
28085;24;38534;1164;39698
28086;24;327;8;335
28087;24;239;4;243
28088;24;13096;336;13432
28089;24;2596;32;2628
28090;24;104;3;107
28091;24;145;3;148
28092;24;232;6;238
28094;24;1670;27;1697
28095;24;275;6;281
28096;24;1226;18;1244
28098;24;1841;49;1890
28099;24;1106;22;1128
28100;24;447;6;453
28102;24;722;9;731
28103;24;5618;124;5742
28104;24;898;28;926
28105;24;555;6;561
28106;24;406;11;417
28107;24;363;9;372
28108;24;232;8;240
28109;24;318;5;323
28110;24;4078;118;4196
28111;24;358;13;371
28113;24;1343;32;1375
28114;24;136;0;136
28116;24;2831;61;2892
28117;24;267;9;276
28118;24;427;15;442
28119;24;153;2;155
28120;24;455;2;457
28121;24;108;0;108
28122;24;1504;23;1527
28123;24;451;8;459
28124;24;738;20;758
28126;24;200;4;204
28127;24;1259;27;1286
28128;24;432;5;437
28129;24;758;19;777
28130;24;996;13;1009
28132;24;659;16;675
28134;24;30646;519;31165
28135;24;1222;57;1279
28136;24;166;5;171
28137;24;838;17;855
28139;24;191;2;193
28140;24;5634;67;5701
28141;24;317;11;328
28142;24;184;2;186
28143;24;245;3;248
28144;24;212;7;219
28146;24;855;12;867
28147;24;600;10;610
28148;24;368;11;379
28149;24;621;18;639
28151;24;176;5;181
28153;24;208;7;215
28154;24;1696;33;1729
28155;24;205;2;207
28156;24;900;16;916
28157;24;121;4;125
28158;24;1070;27;1097
28159;24;341;4;345
28160;24;834;8;842
28161;24;502;7;509
28162;24;305;5;310
28163;24;213;3;216
28164;24;735;10;745
28166;24;253;2;255
28167;24;386;6;392
28168;24;3693;57;3750
28169;24;223;7;230
28170;24;281;6;287
28171;24;921;22;943
28172;24;797;15;812
28173;24;1494;34;1528
28175;24;169;4;173
28176;24;679;13;692
28177;24;666;12;678
28178;24;313;6;319
28180;24;501;13;514
28182;24;315;2;317
28183;24;690;3;693
28184;24;342;4;346
28185;24;1302;22;1324
28187;24;656;13;669
28188;24;947;16;963
28189;24;178;4;182
28190;24;458;12;470
28191;24;2682;57;2739
28192;24;316;3;319
28193;24;135;3;138
28194;24;411;16;427
28195;24;748;22;770
28196;24;3266;50;3316
28197;24;148;3;151
28198;24;801;31;832
28199;24;2571;50;2621
28200;24;422;5;427
28201;24;1961;41;2002
28202;24;325;6;331
28203;24;638;7;645
28206;24;679;12;691
28207;24;230;4;234
28208;24;382;14;396
28209;24;5686;160;5846
28210;24;220;2;222
28211;24;578;7;585
28212;24;196;8;204
28213;24;665;10;675
28214;24;3329;81;3410
28215;24;253;6;259
28216;24;203;1;204
28217;24;180;2;182
28218;24;15403;215;15618
28219;24;389;10;399
28220;24;6689;320;7009
28221;24;140;8;148
28222;24;385;6;391
28223;24;1542;22;1564
28225;24;649;11;660
28226;24;906;16;922
28227;24;4457;82;4539
28229;24;11127;258;11385
28230;24;383;7;390
28231;24;178;3;181
28232;24;592;30;622
28233;24;1152;26;1178
28234;24;461;11;472
28235;24;369;3;372
28236;24;2181;60;2241
28237;24;207;4;211
28239;24;983;25;1008
28240;24;513;8;521
28242;24;98;3;101
28243;24;214;6;220
28245;24;360;9;369
28246;24;530;9;539
28247;24;568;15;583
28248;24;329;6;335
28249;24;614;18;632
28251;24;1061;27;1088
28252;24;189;3;192
28253;24;1067;84;1151
28254;24;795;13;808
28255;24;170;0;170
28256;24;449;14;463
28257;24;87;2;89
28259;24;330;5;335
28260;24;99;5;104
28261;24;599;12;611
28263;24;252;7;259
28264;24;139;5;144
28265;24;252;2;254
28267;24;508;5;513
28268;24;17;2;19
28269;24;1899;41;1940
28270;24;223;4;227
28271;24;140;4;144
28272;24;159;3;162
28273;24;139;2;141
28274;24;242;6;248
28275;24;659;15;674
28276;24;208;8;216
28277;24;306;13;319
28278;24;1480;34;1514
28279;24;3981;65;4046
28280;24;9491;450;9941
28281;24;518;9;527
28282;24;431;11;442
28283;24;289;5;294
28284;24;277;9;286
28285;24;349;9;358
28286;24;622;15;637
28287;24;1012;15;1027
28289;24;220;6;226
28290;24;287;9;296
28291;24;526;16;542
28292;24;734;16;750
28293;24;1197;28;1225
28294;24;524;13;537
28296;24;269;4;273
28298;24;2756;57;2813
28299;24;171;6;177
28300;24;154;6;160
28301;24;444;6;450
28302;24;1099;319;1418
28303;24;101;3;104
28304;24;433;6;439
28305;24;299;5;304
28306;24;204;6;210
28308;24;259;11;270
28309;24;1071;16;1087
28310;24;264;6;270
28312;24;130;2;132
28313;24;194;1;195
28314;24;116;8;124
28315;24;22;1;23
28316;24;126;3;129
28317;24;564;5;569
28319;24;373;13;386
28321;24;838;14;852
28322;24;498;9;507
28323;24;285;1;286
28324;24;886;23;909
28325;24;1055;27;1082
28326;24;360;2;362
28327;24;189;2;191
28329;24;159;2;161
28330;24;1375;32;1407
28331;24;973;19;992
28332;24;1090;21;1111
28333;24;140;3;143
28334;24;2195;54;2249
28335;24;853;24;877
28336;24;107;1;108
28337;24;2817;67;2884
28339;24;355;11;366
28341;24;249;5;254
28342;24;263;5;268
28343;24;444;11;455
28344;24;264;10;274
28346;24;57;3;60
28347;24;933;29;962
28348;24;4019;71;4090
28349;24;257;8;265
28350;24;934;21;955
28351;24;408;8;416
28352;24;1569;41;1610
28353;24;403;5;408
28354;24;419;69;488
28355;24;296;9;305
28357;24;1059;30;1089
28358;24;2072;67;2139
28359;24;4041;46;4087
28360;24;920;17;937
28362;24;503;12;515
28363;24;1024;13;1037
28364;24;766;13;779
28365;24;409;9;418
28366;24;320;3;323
28367;24;330;6;336
28368;24;197;3;200
28369;24;758;10;768
28370;24;505;11;516
28371;24;1101;20;1121
28372;24;568;12;580
28373;24;3032;47;3079
28374;24;538;3;541
28375;24;369;6;375
28377;24;1761;44;1805
28378;24;524;11;535
28379;24;467;10;477
28380;24;1998;171;2169
28382;24;889;15;904
28383;24;706;6;712
28385;24;452;34;486
28386;24;1245;21;1266
28387;24;982;11;993
28388;24;1044;32;1076
28389;24;341;8;349
28390;24;312;6;318
28391;24;2595;32;2627
28392;24;164;2;166
28393;24;2243;66;2309
28394;24;1422;28;1450
28395;24;433;14;447
28396;24;310;4;314
28397;24;407;13;420
28398;24;1167;22;1189
28400;24;194;8;202
28401;24;454;8;462
28403;24;770;21;791
28404;24;12472;150;12622
28405;24;1070;21;1091
28406;24;1247;19;1266
28407;24;295;8;303
28408;24;121;3;124
28409;24;455;15;470
28410;24;303;4;307
28411;24;172;2;174
28414;24;65;5;70
28415;24;1688;31;1719
28417;24;1335;28;1363
28418;24;163;5;168
28419;24;344;8;352
28421;24;275;5;280
28422;24;3914;61;3975
28423;24;598;14;612
28424;24;1616;39;1655
28425;24;575;11;586
28426;24;498;9;507
29001;53;998;19;1017
29002;53;1376;33;1409
29003;53;3692;66;3758
29004;53;5668;157;5825
29005;53;1239;31;1270
29006;53;3616;63;3679
29007;53;892;31;923
29008;53;1000;21;1021
29010;53;1645;34;1679
29011;53;3530;86;3616
29012;53;188;2;190
29013;53;218;6;224
29014;53;430;9;439
29015;53;3553;63;3616
29016;53;1028;11;1039
29017;53;861;27;888
29018;53;438;5;443
29019;53;139926;2629;142555
29020;53;5675;114;5789
29021;53;1912;49;1961
29022;53;2466;55;2521
29023;53;3189;103;3292
29024;53;7155;613;7768
29025;53;1538;45;1583
29026;53;5164;422;5586
29027;53;3650;100;3750
29028;53;921;20;941
29029;53;1145;18;1163
29030;53;3683;115;3798
29031;53;4528;114;4642
29032;53;2080;50;2130
29033;53;524;10;534
29034;53;658;6;664
29035;53;1114;19;1133
29036;53;608;7;615
29037;53;4187;125;4312
29038;53;998;26;1024
29039;53;19816;856;20672
29040;53;2750;76;2826
29041;53;1890;31;1921
29042;53;7386;219;7605
29043;53;1817;46;1863
29044;53;1967;39;2006
29045;53;2215;66;2281
29046;53;14000;365;14365
29047;53;1877;35;1912
29048;53;2251;43;2294
29049;53;3320;141;3461
29051;53;8434;203;8637
29053;53;1744;41;1785
29054;53;642;15;657
29055;53;3215;78;3293
29056;53;1947;31;1978
29057;53;3438;122;3560
29058;53;9864;484;10348
29059;53;1050;32;1082
29060;53;2786;79;2865
29061;53;6215;135;6350
29062;53;1098;35;1133
29063;53;433;7;440
29064;53;447;4;451
29065;53;908;15;923
29066;53;1828;30;1858
29067;53;1298;41;1339
29068;53;2502;52;2554
29069;53;8061;160;8221
29070;53;526;10;536
29071;53;783;3;786
29072;53;2681;48;2729
29073;53;939;34;973
29074;53;1008;17;1025
29075;53;15050;357;15407
29076;53;4550;65;4615
29077;53;1991;47;2038
29078;53;2036;47;2083
29079;53;1267;43;1310
29080;53;2232;69;2301
29081;53;1406;27;1433
29082;53;452;13;465
29083;53;260;2;262
29084;53;160;6;166
29085;53;733;18;751
29086;53;1453;22;1475
29087;53;725;16;741
29089;53;857;23;880
29090;53;782;25;807
29091;53;2097;39;2136
29093;53;1422;31;1453
29094;53;665;14;679
29095;53;1495;26;1521
29097;53;2028;52;2080
29098;53;2145;53;2198
29099;53;821;22;843
29100;53;414;12;426
29101;53;3576;112;3688
29102;53;959;12;971
29103;53;15918;614;16532
29104;53;345;6;351
29105;53;9151;320;9471
29106;53;1850;41;1891
29107;53;884;13;897
29108;53;1479;40;1519
29109;53;1486;36;1522
29110;53;861;14;875
29111;53;1314;25;1339
29112;53;957;18;975
29113;53;2362;39;2401
29114;53;351;7;358
29115;53;290;4;294
29116;53;154;2;156
29117;53;5672;118;5790
29119;53;1460;37;1497
29120;53;1970;65;2035
29122;53;676;16;692
29123;53;784;20;804
29124;53;7322;229;7551
29125;53;826;17;843
29126;53;207;6;213
29128;53;406;6;412
29130;53;5092;131;5223
29131;53;474;14;488
29132;53;795;31;826
29133;53;1513;43;1556
29134;53;795;26;821
29135;53;4013;107;4120
29136;53;1158;23;1181
29137;53;2133;53;2186
29139;53;874;141;1015
29140;53;3910;86;3996
29141;53;348;4;352
29142;53;460;4;464
29143;53;968;21;989
29144;53;759;9;768
29145;53;873;28;901
29146;53;3408;50;3458
29147;53;3242;79;3321
29148;53;943;30;973
29150;53;6742;133;6875
29151;53;14845;457;15302
29152;53;701;15;716
29153;53;2686;52;2738
29155;53;833;19;852
29156;53;2049;43;2092
29158;53;5149;100;5249
29159;53;844;17;861
29160;53;8515;164;8679
29161;53;3188;82;3270
29162;53;3640;265;3905
29163;53;3184;77;3261
29165;53;3568;84;3652
29166;53;507;19;526
29167;53;1985;44;2029
29168;53;1230;20;1250
29169;53;3178;76;3254
29170;53;4191;163;4354
29171;53;3828;75;3903
29172;53;2245;68;2313
29173;53;2471;55;2526
29174;53;6223;187;6410
29175;53;2108;51;2159
29176;53;1784;44;1828
29177;53;3854;91;3945
29178;53;6312;128;6440
29179;53;3737;117;3854
29180;53;913;22;935
29181;53;2944;71;3015
29182;53;1063;22;1085
29183;53;714;9;723
29184;53;2535;57;2592
29185;53;3497;93;3590
29186;53;1610;61;1671
29187;53;791;28;819
29188;53;2737;124;2861
29189;53;13161;365;13526
29190;53;4183;105;4288
29191;53;3454;94;3548
29192;53;1761;45;1806
29193;53;1430;29;1459
29195;53;6640;130;6770
29196;53;2166;42;2208
29197;53;3951;109;4060
29198;53;1838;46;1884
29199;53;5086;171;5257
29201;53;2119;38;2157
29202;53;1279;36;1315
29204;53;2084;35;2119
29205;53;1174;26;1200
29206;53;2294;96;2390
29207;53;4517;291;4808
29208;53;1245;29;1274
29209;53;3832;104;3936
29210;53;2862;72;2934
29211;53;659;18;677
29212;53;13496;245;13741
29213;53;1760;40;1800
29214;53;681;26;707
29215;53;2948;74;3022
29216;53;4179;103;4282
29217;53;2821;58;2879
29218;53;1567;31;1598
29220;53;8369;395;8764
29221;53;1779;53;1832
29222;53;398;7;405
29224;53;1213;26;1239
29225;53;2165;45;2210
29226;53;1507;96;1603
29227;53;1480;32;1512
29228;53;657;16;673
29229;53;1114;34;1148
29230;53;1689;33;1722
29232;53;63283;2478;65761
29233;53;12220;458;12678
29234;53;2917;62;2979
29235;53;11717;234;11951
29236;53;4180;118;4298
29237;53;1814;44;1858
29238;53;836;29;865
29239;53;3489;85;3574
29240;53;959;26;985
29241;53;7614;162;7776
29243;53;456;10;466
29244;53;821;13;834
29245;53;1557;21;1578
29246;53;212;5;217
29247;53;3503;113;3616
29248;53;846;8;854
29249;53;712;10;722
29250;53;755;17;772
29251;53;655;12;667
29252;53;933;25;958
29254;53;4621;146;4767
29255;53;926;20;946
29256;53;760;20;780
29257;53;2069;62;2131
29259;53;6709;244;6953
29260;53;8163;195;8358
29261;53;211;3;214
29262;53;786;10;796
29263;53;1117;17;1134
29264;53;777;11;788
29265;53;1044;31;1075
29266;53;3044;78;3122
29267;53;720;18;738
29268;53;1899;36;1935
29269;53;1038;15;1053
29270;53;1646;35;1681
29271;53;893;32;925
29272;53;3249;68;3317
29273;53;2393;77;2470
29274;53;5295;111;5406
29275;53;736;20;756
29276;53;1196;29;1225
29277;53;2289;78;2367
29278;53;1758;43;1801
29279;53;2898;77;2975
29280;53;2098;60;2158
29281;53;997;27;1024
29282;53;360;10;370
29284;53;2406;99;2505
29285;53;521;7;528
29286;53;242;9;251
29287;53;973;21;994
29288;53;611;7;618
29289;53;114;6;120
29290;53;684;15;699
29291;53;957;18;975
29292;53;316;6;322
29293;53;7064;224;7288
29294;53;648;14;662
29295;53;532;22;554
29296;53;1347;40;1387
29297;53;2321;44;2365
29298;53;575;11;586
29299;53;333;3;336
29300;53;1597;51;1648
29301;53;392;2;394
29302;53;3639;136;3775
2A001;94;3229;57;3286
2A004;94;71361;867;72228
2A006;94;3456;69;3525
2A008;94;1771;26;1797
2A011;94;53;2;55
2A014;94;72;1;73
2A017;94;1813;37;1850
2A018;94;160;2;162
2A019;94;55;0;55
2A021;94;77;1;78
2A022;94;80;0;80
2A024;94;187;1;188
2A026;94;187;3;190
2A027;94;54;0;54
2A028;94;145;6;151
2A031;94;520;6;526
2A032;94;4124;109;4233
2A035;94;161;2;163
2A038;94;50;1;51
2A040;94;374;7;381
2A041;94;3192;55;3247
2A048;94;499;5;504
2A056;94;105;5;110
2A060;94;71;1;72
2A061;94;112;1;113
2A062;94;381;9;390
2A064;94;32;2;34
2A065;94;1297;22;1319
2A066;94;58;0;58
2A070;94;389;6;395
2A071;94;214;5;219
2A085;94;1493;37;1530
2A089;94;133;0;133
2A090;94;679;18;697
2A091;94;171;1;172
2A092;94;1145;20;1165
2A094;94;71;2;73
2A098;94;713;9;722
2A099;94;276;0;276
2A100;94;68;0;68
2A103;94;2017;33;2050
2A104;94;1295;36;1331
2A108;94;214;5;219
2A114;94;1466;29;1495
2A115;94;150;7;157
2A117;94;81;0;81
2A118;94;205;5;210
2A119;94;137;3;140
2A127;94;89;2;91
2A128;94;94;0;94
2A129;94;43;1;44
2A130;94;3402;55;3457
2A131;94;160;2;162
2A132;94;148;1;149
2A133;94;151;3;154
2A139;94;1838;31;1869
2A141;94;127;1;128
2A142;94;669;13;682
2A144;94;103;3;106
2A146;94;52;1;53
2A154;94;107;6;113
2A158;94;29;1;30
2A160;94;257;2;259
2A163;94;549;15;564
2A174;94;100;3;103
2A181;94;629;17;646
2A186;94;221;1;222
2A189;94;1218;30;1248
2A191;94;121;3;124
2A196;94;51;1;52
2A197;94;99;0;99
2A198;94;539;11;550
2A200;94;143;3;146
2A203;94;97;0;97
2A204;94;96;1;97
2A209;94;2015;33;2048
2A211;94;563;17;580
2A212;94;468;9;477
2A215;94;910;7;917
2A228;94;1859;19;1878
2A232;94;280;3;283
2A240;94;113;0;113
2A247;94;11132;180;11312
2A249;94;3699;40;3739
2A253;94;51;0;51
2A254;94;200;4;204
2A258;94;60;4;64
2A259;94;62;1;63
2A262;94;49;3;52
2A266;94;89;4;93
2A268;94;80;0;80
2A269;94;1392;32;1424
2A270;94;344;3;347
2A271;94;3289;52;3341
2A272;94;3248;124;3372
2A276;94;489;12;501
2A278;94;83;3;86
2A279;94;122;0;122
2A282;94;148;4;152
2A284;94;374;5;379
2A285;94;76;0;76
2A288;94;1401;24;1425
2A295;94;116;0;116
2A300;94;1088;21;1109
2A308;94;383;7;390
2A310;94;102;0;102
2A312;94;404;9;413
2A322;94;95;0;95
2A323;94;402;7;409
2A324;94;399;4;403
2A326;94;122;0;122
2A330;94;501;2;503
2A331;94;61;0;61
2A336;94;512;11;523
2A345;94;598;4;602
2A348;94;889;14;903
2A349;94;846;18;864
2A351;94;389;5;394
2A357;94;50;3;53
2A358;94;54;1;55
2A359;94;225;2;227
2A360;94;129;5;134
2A362;94;2759;35;2794
2A363;94;62;0;62
2B002;94;240;4;244
2B003;94;25;0;25
2B005;94;29;2;31
2B007;94;206;3;209
2B009;94;2185;26;2211
2B010;94;354;6;360
2B012;94;50;0;50
2B013;94;25;0;25
2B015;94;25;0;25
2B016;94;551;0;551
2B020;94;598;15;613
2B023;94;115;2;117
2B025;94;84;2;86
2B029;94;294;3;297
2B030;94;132;4;136
2B033;94;48503;695;49198
2B034;94;671;9;680
2B036;94;88;0;88
2B037;94;7810;126;7936
2B039;94;225;2;227
2B042;94;8832;141;8973
2B043;94;1624;40;1664
2B045;94;66;0;66
2B046;94;155;3;158
2B047;94;272;3;275
2B049;94;2461;29;2490
2B050;94;5774;82;5856
2B051;94;73;0;73
2B052;94;20;0;20
2B053;94;19;2;21
2B054;94;188;4;192
2B055;94;121;1;122
2B057;94;317;10;327
2B058;94;318;1;319
2B059;94;108;1;109
2B063;94;30;1;31
2B067;94;34;0;34
2B068;94;26;0;26
2B069;94;105;1;106
2B072;94;54;1;55
2B073;94;107;0;107
2B074;94;404;6;410
2B075;94;70;2;72
2B077;94;696;5;701
2B078;94;28;1;29
2B079;94;490;1;491
2B080;94;142;1;143
2B081;94;42;0;42
2B082;94;40;1;41
2B083;94;159;2;161
2B084;94;234;1;235
2B086;94;189;1;190
2B087;94;2199;26;2225
2B088;94;209;5;214
2B093;94;895;32;927
2B095;94;128;3;131
2B096;94;7485;117;7602
2B097;94;55;1;56
2B101;94;80;3;83
2B102;94;77;0;77
2B105;94;116;0;116
2B106;94;12;0;12
2B107;94;155;1;156
2B109;94;235;2;237
2B110;94;70;1;71
2B111;94;51;0;51
2B112;94;232;4;236
2B113;94;56;1;57
2B116;94;28;1;29
2B120;94;5608;127;5735
2B121;94;361;5;366
2B122;94;57;0;57
2B123;94;4219;55;4274
2B124;94;210;6;216
2B125;94;54;0;54
2B126;94;69;0;69
2B134;94;3163;72;3235
2B135;94;307;2;309
2B136;94;146;2;148
2B137;94;23;0;23
2B138;94;149;2;151
2B140;94;102;0;102
2B143;94;1104;8;1112
2B145;94;209;6;215
2B147;94;113;2;115
2B148;94;6007;51;6058
2B149;94;82;1;83
2B150;94;1260;38;1298
2B152;94;848;9;857
2B153;94;117;2;119
2B155;94;47;0;47
2B156;94;23;0;23
2B157;94;29;0;29
2B159;94;81;1;82
2B161;94;65;0;65
2B162;94;703;11;714
2B164;94;23;0;23
2B165;94;332;6;338
2B166;94;632;5;637
2B167;94;425;14;439
2B168;94;1972;42;2014
2B169;94;981;10;991
2B170;94;109;2;111
2B171;94;34;1;35
2B172;94;577;7;584
2B173;94;253;3;256
2B175;94;108;2;110
2B176;94;73;2;75
2B177;94;59;2;61
2B178;94;75;2;77
2B179;94;64;0;64
2B180;94;78;1;79
2B182;94;256;2;258
2B183;94;94;2;96
2B184;94;89;1;90
2B185;94;1781;14;1795
2B187;94;133;1;134
2B188;94;533;9;542
2B190;94;183;5;188
2B192;94;151;1;152
2B193;94;601;3;604
2B194;94;26;0;26
2B195;94;124;1;125
2B199;94;184;5;189
2B201;94;197;1;198
2B202;94;23;0;23
2B205;94;876;12;888
2B206;94;37;0;37
2B207;94;3370;40;3410
2B208;94;108;0;108
2B210;94;117;0;117
2B213;94;63;0;63
2B214;94;22;0;22
2B216;94;19;0;19
2B217;94;41;3;44
2B218;94;98;3;101
2B219;94;82;1;83
2B220;94;133;3;136
2B221;94;16;0;16
2B222;94;38;0;38
2B223;94;502;3;505
2B224;94;654;11;665
2B225;94;100;2;102
2B226;94;59;1;60
2B227;94;34;1;35
2B229;94;350;0;350
2B230;94;109;5;114
2B231;94;105;6;111
2B233;94;167;2;169
2B234;94;18;0;18
2B235;94;84;0;84
2B236;94;181;3;184
2B238;94;210;8;218
2B239;94;214;11;225
2B241;94;31;1;32
2B242;94;697;13;710
2B243;94;42;0;42
2B244;94;42;0;42
2B245;94;42;1;43
2B246;94;191;1;192
2B248;94;42;1;43
2B250;94;150;0;150
2B251;94;3667;40;3707
2B252;94;183;2;185
2B255;94;42;0;42
2B256;94;26;0;26
2B257;94;158;0;158
2B260;94;156;3;159
2B261;94;538;11;549
2B263;94;69;5;74
2B264;94;62;1;63
2B265;94;360;6;366
2B267;94;45;3;48
2B273;94;44;5;49
2B274;94;93;1;94
2B275;94;71;2;73
2B277;94;337;3;340
2B280;94;114;0;114
2B281;94;1157;9;1166
2B283;94;722;13;735
2B286;94;873;8;881
2B287;94;142;0;142
2B289;94;117;0;117
2B290;94;285;4;289
2B291;94;34;1;35
2B292;94;71;2;73
2B293;94;210;2;212
2B296;94;134;5;139
2B297;94;57;0;57
2B298;94;1681;19;1700
2B299;94;105;1;106
2B301;94;57;1;58
2B302;94;91;2;93
2B303;94;755;6;761
2B304;94;143;0;143
2B305;94;2913;42;2955
2B306;94;119;0;119
2B307;94;1490;29;1519
2B309;94;1888;86;1974
2B311;94;781;11;792
2B313;94;2027;22;2049
2B314;94;346;1;347
2B315;94;281;5;286
2B316;94;990;15;1005
2B317;94;60;0;60
2B318;94;583;12;595
2B319;94;796;7;803
2B320;94;282;2;284
2B321;94;16;0;16
2B327;94;188;3;191
2B328;94;96;0;96
2B329;94;110;1;111
2B332;94;231;3;234
2B333;94;138;3;141
2B334;94;107;1;108
2B335;94;353;7;360
2B337;94;128;0;128
2B338;94;29;0;29
2B339;94;28;0;28
2B340;94;123;0;123
2B341;94;713;17;730
2B342;94;2512;46;2558
2B343;94;1795;14;1809
2B344;94;42;2;44
2B346;94;2851;32;2883
2B347;94;266;0;266
2B350;94;195;4;199
2B352;94;209;5;214
2B353;94;3328;87;3415
2B354;94;428;5;433
2B355;94;358;7;365
2B356;94;144;1;145
2B361;94;289;5;294
2B364;94;34;0;34
2B365;94;104;2;106
2B366;94;102;2;104
30001;76;518;13;531
30002;76;777;15;792
30003;76;8560;80;8640
30004;76;3338;62;3400
30005;76;215;3;218
30006;76;5717;53;5770
30007;76;41837;615;42452
30008;76;953;17;970
30009;76;172;3;175
30010;76;3327;41;3368
30011;76;8476;205;8681
30012;76;4219;76;4295
30013;76;456;21;477
30014;76;1022;27;1049
30015;76;152;5;157
30016;76;288;10;298
30017;76;210;2;212
30018;76;514;13;527
30019;76;2895;60;2955
30020;76;2363;43;2406
30021;76;321;4;325
30022;76;179;7;186
30023;76;787;16;803
30024;76;456;7;463
30025;76;230;3;233
30026;76;1075;33;1108
30027;76;2556;59;2615
30028;76;18091;358;18449
30029;76;1620;26;1646
30030;76;368;4;372
30031;76;200;2;202
30032;76;15906;139;16045
30033;76;5104;55;5159
30034;76;7353;85;7438
30035;76;239;1;240
30036;76;3421;27;3448
30037;76;2835;34;2869
30038;76;328;11;339
30039;76;2304;31;2335
30040;76;129;2;131
30041;76;1237;21;1258
30042;76;2552;44;2596
30043;76;581;11;592
30044;76;90;0;90
30045;76;390;4;394
30046;76;981;14;995
30047;76;6272;135;6407
30048;76;175;3;178
30049;76;374;17;391
30050;76;170;1;171
30051;76;1338;30;1368
30052;76;643;18;661
30053;76;787;12;799
30054;76;301;4;305
30055;76;671;12;683
30056;76;331;7;338
30057;76;1698;29;1727
30058;76;212;10;222
30059;76;2418;28;2446
30060;76;4150;81;4231
30061;76;2363;27;2390
30062;76;5898;99;5997
30064;76;122;2;124
30065;76;466;4;470
30066;76;533;12;545
30067;76;412;6;418
30068;76;900;22;922
30069;76;504;12;516
30070;76;750;24;774
30071;76;395;2;397
30072;76;465;10;475
30073;76;1672;87;1759
30074;76;24;0;24
30075;76;4308;112;4420
30076;76;854;29;883
30077;76;1715;34;1749
30079;76;261;6;267
30080;76;876;5;881
30081;76;964;29;993
30082;76;4209;96;4305
30083;76;2418;38;2456
30084;76;618;11;629
30085;76;1065;15;1080
30086;76;634;10;644
30087;76;228;6;234
30088;76;635;15;650
30089;76;1756;31;1787
30090;76;262;4;266
30091;76;1667;34;1701
30092;76;1692;49;1741
30093;76;95;2;97
30094;76;146;1;147
30095;76;587;12;599
30096;76;949;21;970
30097;76;279;5;284
30098;76;435;4;439
30099;76;241;8;249
30100;76;700;9;709
30101;76;651;16;667
30102;76;543;9;552
30103;76;939;11;950
30104;76;743;18;761
30105;76;139;5;144
30106;76;728;17;745
30107;76;601;12;613
30108;76;157;5;162
30109;76;466;7;473
30110;76;379;9;388
30111;76;438;9;447
30112;76;1593;15;1608
30113;76;237;3;240
30114;76;685;10;695
30115;76;252;8;260
30116;76;1077;12;1089
30117;76;2796;56;2852
30119;76;157;5;162
30120;76;1084;15;1099
30121;76;250;4;254
30122;76;705;13;718
30123;76;3632;102;3734
30124;76;214;2;216
30125;76;4940;50;4990
30126;76;731;18;749
30127;76;1079;26;1105
30128;76;4071;68;4139
30129;76;694;20;714
30130;76;826;20;846
30131;76;1106;33;1139
30132;76;4998;96;5094
30133;76;8419;73;8492
30134;76;309;4;313
30135;76;3850;39;3889
30136;76;1129;17;1146
30137;76;137;3;140
30138;76;2222;55;2277
30139;76;350;23;373
30140;76;1106;11;1117
30141;76;6331;118;6449
30142;76;1133;22;1155
30143;76;213;5;218
30144;76;462;9;471
30145;76;1620;25;1645
30146;76;1481;24;1505
30147;76;1512;27;1539
30148;76;323;7;330
30149;76;927;20;947
30150;76;264;6;270
30151;76;503;7;510
30152;76;2044;34;2078
30153;76;125;0;125
30154;76;399;7;406
30155;76;6943;97;7040
30156;76;8656;164;8820
30158;76;432;9;441
30159;76;741;5;746
30160;76;261;4;265
30161;76;201;6;207
30162;76;667;15;682
30163;76;170;6;176
30164;76;716;14;730
30165;76;1195;35;1230
30166;76;2503;151;2654
30167;76;794;16;810
30168;76;619;17;636
30169;76;5721;134;5855
30170;76;924;31;955
30171;76;1219;12;1231
30172;76;758;8;766
30173;76;1725;32;1757
30174;76;1403;37;1440
30175;76;194;1;195
30176;76;195;3;198
30177;76;656;10;666
30178;76;1521;38;1559
30179;76;3163;52;3215
30180;76;578;9;587
30181;76;458;5;463
30182;76;1367;22;1389
30183;76;665;4;669
30184;76;1523;12;1535
30185;76;1431;19;1450
30186;76;1921;51;1972
30187;76;305;8;313
30188;76;710;13;723
30189;76;148561;2225;150786
30191;76;1186;28;1214
30192;76;429;12;441
30193;76;694;6;700
30194;76;280;2;282
30195;76;34;3;37
30196;76;454;11;465
30197;76;273;8;281
30198;76;259;6;265
30199;76;55;1;56
30200;76;957;14;971
30201;76;369;6;375
30202;76;10369;192;10561
30203;76;334;8;342
30204;76;363;5;368
30205;76;249;4;253
30206;76;4131;121;4252
30207;76;733;6;739
30208;76;45;0;45
30209;76;3921;131;4052
30210;76;3299;33;3332
30211;76;4097;58;4155
30212;76;2259;43;2302
30213;76;20;0;20
30214;76;2113;48;2161
30215;76;391;3;394
30216;76;823;15;838
30217;76;7629;185;7814
30218;76;257;3;260
30219;76;106;2;108
30220;76;260;6;266
30221;76;5545;66;5611
30222;76;179;7;186
30223;76;4251;114;4365
30224;76;607;15;622
30225;76;1628;53;1681
30226;76;1242;26;1268
30227;76;3351;40;3391
30228;76;1722;33;1755
30229;76;599;9;608
30230;76;589;9;598
30231;76;364;11;375
30232;76;435;14;449
30233;76;656;10;666
30234;76;284;7;291
30235;76;853;12;865
30236;76;117;3;120
30237;76;651;12;663
30238;76;62;0;62
30239;76;594;3;597
30240;76;386;4;390
30241;76;1915;30;1945
30242;76;162;2;164
30243;76;7055;182;7237
30244;76;359;6;365
30245;76;804;14;818
30246;76;109;7;116
30247;76;288;9;297
30248;76;462;4;466
30249;76;1070;13;1083
30250;76;405;12;417
30251;76;548;12;560
30252;76;227;7;234
30253;76;1169;16;1185
30254;76;1997;39;2036
30255;76;3052;32;3084
30256;76;761;16;777
30257;76;1999;27;2026
30258;76;13931;108;14039
30259;76;4503;79;4582
30260;76;1080;22;1102
30261;76;233;4;237
30262;76;255;12;267
30263;76;3804;138;3942
30264;76;170;1;171
30265;76;241;2;243
30266;76;852;11;863
30267;76;524;11;535
30268;76;626;15;641
30269;76;2437;171;2608
30270;76;1517;39;1556
30271;76;721;15;736
30272;76;143;6;149
30273;76;1442;27;1469
30274;76;3401;62;3463
30275;76;315;5;320
30276;76;3536;45;3581
30277;76;500;9;509
30278;76;3000;68;3068
30279;76;658;11;669
30280;76;360;11;371
30281;76;1652;23;1675
30282;76;861;17;878
30283;76;183;3;186
30284;76;4497;62;4559
30285;76;754;8;762
30286;76;770;18;788
30287;76;657;11;668
30288;76;1262;19;1281
30289;76;86;2;88
30290;76;1830;59;1889
30291;76;291;5;296
30292;76;454;10;464
30293;76;349;5;354
30294;76;5275;128;5403
30295;76;3064;63;3127
30296;76;151;14;165
30297;76;224;11;235
30298;76;503;19;522
30299;76;1097;48;1145
30300;76;538;12;550
30301;76;310;4;314
30302;76;2135;46;2181
30303;76;839;21;860
30304;76;189;3;192
30305;76;3571;39;3610
30306;76;554;8;562
30307;76;2600;26;2626
30308;76;774;51;825
30309;76;337;1;338
30310;76;281;6;287
30311;76;1903;22;1925
30312;76;2061;47;2108
30313;76;758;7;765
30314;76;235;4;239
30315;76;2119;39;2158
30316;76;241;7;248
30317;76;1765;16;1781
30318;76;208;4;212
30319;76;618;23;641
30320;76;159;2;161
30321;76;5050;63;5113
30322;76;267;6;273
30323;76;122;2;124
30324;76;877;15;892
30325;76;1388;34;1422
30326;76;2029;37;2066
30327;76;56;2;58
30328;76;1039;19;1058
30329;76;438;16;454
30330;76;935;25;960
30331;76;1806;50;1856
30332;76;113;1;114
30333;76;4424;43;4467
30334;76;8387;329;8716
30335;76;134;4;138
30336;76;1388;20;1408
30337;76;422;6;428
30338;76;142;4;146
30339;76;1415;21;1436
30340;76;591;11;602
30341;76;11492;118;11610
30342;76;1270;42;1312
30343;76;604;8;612
30344;76;5308;76;5384
30345;76;343;1;344
30346;76;1794;33;1827
30347;76;1379;21;1400
30348;76;1816;102;1918
30349;76;546;3;549
30350;76;3772;118;3890
30351;76;12216;401;12617
30352;76;1791;35;1826
30353;76;67;1;68
30354;76;200;4;204
30355;76;1029;21;1050
30356;76;2851;172;3023
31001;76;122;3;125
31002;76;241;6;247
31003;76;1272;29;1301
31004;76;2679;50;2729
31005;76;293;8;301
31006;76;221;6;227
31007;76;64;0;64
31008;76;253;4;257
31009;76;186;3;189
31010;76;99;3;102
31011;76;268;6;274
31012;76;99;2;101
31013;76;358;11;369
31014;76;81;4;85
31015;76;22;1;23
31017;76;101;2;103
31018;76;227;4;231
31019;76;32;1;33
31020;76;874;72;946
31021;76;128;5;133
31022;76;8968;94;9062
31023;76;310;5;315
31024;76;421;5;426
31025;76;921;15;936
31026;76;1055;21;1076
31027;76;200;5;205
31028;76;1243;70;1313
31029;76;335;6;341
31030;76;78;1;79
31031;76;590;20;610
31032;76;7209;80;7289
31033;76;9923;95;10018
31034;76;231;9;240
31035;76;4088;247;4335
31036;76;1578;48;1626
31037;76;1602;12;1614
31038;76;664;11;675
31039;76;81;2;83
31040;76;35;1;36
31041;76;113;2;115
31042;76;2285;143;2428
31043;76;140;6;146
31044;76;16625;287;16912
31045;76;496;10;506
31046;76;12;0;12
31047;76;92;1;93
31048;76;3395;58;3453
31049;76;579;14;593
31050;76;643;9;652
31051;76;467;5;472
31052;76;1587;32;1619
31053;76;1340;28;1368
31054;76;184;1;185
31055;76;173;3;176
31056;76;6973;83;7056
31057;76;1505;51;1556
31058;76;128;1;129
31059;76;114;6;120
31060;76;111;5;116
31061;76;191;12;203
31062;76;107;4;111
31063;76;166;2;168
31064;76;27;0;27
31065;76;3034;59;3093
31066;76;4127;62;4189
31067;76;42;0;42
31068;76;27;0;27
31069;76;25525;489;26014
31070;76;451;8;459
31071;76;441;3;444
31072;76;68;2;70
31073;76;659;21;680
31074;76;289;7;296
31075;76;1225;22;1247
31076;76;471;12;483
31077;76;593;15;608
31078;76;147;2;149
31079;76;4723;89;4812
31080;76;1648;34;1682
31081;76;5;0;5
31082;76;1111;21;1132
31083;76;233;2;235
31084;76;1061;24;1085
31085;76;249;3;252
31086;76;88;4;92
31087;76;323;2;325
31088;76;2862;95;2957
31089;76;679;6;685
31090;76;374;5;379
31091;76;5947;105;6052
31092;76;120;0;120
31093;76;957;11;968
31094;76;2870;51;2921
31095;76;128;1;129
31096;76;180;1;181
31097;76;462;12;474
31098;76;1089;19;1108
31099;76;399;4;403
31100;76;2371;31;2402
31101;76;467;4;471
31102;76;220;3;223
31103;76;59;0;59
31104;76;677;13;690
31105;76;228;5;233
31106;76;2544;47;2591
31107;76;5791;111;5902
31108;76;269;2;271
31109;76;467;3;470
31110;76;644;13;657
31111;76;279;4;283
31112;76;190;5;195
31113;76;14213;249;14462
31114;76;241;3;244
31115;76;59;1;60
31116;76;10682;117;10799
31117;76;4359;99;4458
31118;76;6579;103;6682
31119;76;208;5;213
31120;76;718;18;736
31121;76;63;1;64
31122;76;113;2;115
31123;76;74;1;75
31124;76;387;9;396
31125;76;36;0;36
31126;76;396;10;406
31127;76;4;1;5
31128;76;850;22;872
31129;76;17;4;21
31130;76;84;3;87
31131;76;70;1;71
31132;76;64;1;65
31133;76;99;4;103
31134;76;83;0;83
31135;76;4799;72;4871
31136;76;2171;26;2197
31137;76;155;0;155
31138;76;250;6;256
31139;76;195;4;199
31140;76;177;7;184
31141;76;218;2;220
31142;76;239;7;246
31143;76;277;8;285
31144;76;730;12;742
31145;76;2914;65;2979
31146;76;14;0;14
31147;76;658;12;670
31148;76;507;17;524
31149;76;39968;561;40529
31150;76;7372;106;7478
31151;76;859;23;882
31152;76;94;5;99
31153;76;416;12;428
31155;76;231;2;233
31156;76;358;12;370
31157;76;19344;253;19597
31158;76;178;7;185
31159;76;472;5;477
31160;76;2432;28;2460
31161;76;1236;22;1258
31162;76;1080;86;1166
31163;76;2649;65;2714
31164;76;202;6;208
31165;76;6349;98;6447
31166;76;279;4;283
31167;76;700;14;714
31168;76;130;0;130
31169;76;6967;162;7129
31170;76;246;10;256
31171;76;302;9;311
31172;76;47;1;48
31173;76;266;3;269
31174;76;538;4;542
31175;76;608;10;618
31176;76;191;5;196
31177;76;136;2;138
31178;76;200;3;203
31179;76;322;20;342
31180;76;139;6;145
31181;76;2089;28;2117
31182;76;5307;59;5366
31183;76;317;9;326
31184;76;2056;38;2094
31185;76;117;1;118
31186;76;3011;30;3041
31187;76;12170;329;12499
31188;76;5893;161;6054
31189;76;220;4;224
31190;76;233;0;233
31191;76;96;2;98
31192;76;776;21;797
31193;76;1904;30;1934
31194;76;169;2;171
31195;76;32;0;32
31196;76;244;3;247
31197;76;327;8;335
31198;76;101;3;104
31199;76;200;7;207
31200;76;79;4;83
31201;76;73;0;73
31202;76;6271;149;6420
31203;76;9292;162;9454
31204;76;82;3;85
31205;76;3130;27;3157
31206;76;1311;15;1326
31207;76;78;6;84
31208;76;327;5;332
31209;76;147;4;151
31210;76;1283;24;1307
31211;76;702;8;710
31212;76;1928;14;1942
31213;76;155;3;158
31215;76;467;15;482
31216;76;269;10;279
31217;76;68;1;69
31218;76;115;4;119
31219;76;447;2;449
31220;76;376;5;381
31221;76;69;0;69
31222;76;46;0;46
31223;76;43;1;44
31224;76;1203;186;1389
31225;76;186;3;189
31226;76;81;6;87
31227;76;843;36;879
31228;76;1974;43;2017
31229;76;696;17;713
31230;76;4387;79;4466
31231;76;691;8;699
31232;76;8844;166;9010
31233;76;997;33;1030
31234;76;440;8;448
31235;76;44;1;45
31236;76;73;1;74
31237;76;232;30;262
31238;76;482;11;493
31239;76;1634;28;1662
31240;76;601;10;611
31241;76;295;5;300
31242;76;18;2;20
31243;76;69;4;73
31244;76;381;17;398
31245;76;188;5;193
31246;76;866;15;881
31247;76;1303;28;1331
31248;76;6271;105;6376
31249;76;1259;26;1285
31250;76;675;17;692
31251;76;145;1;146
31252;76;1955;25;1980
31253;76;2938;37;2975
31254;76;4008;142;4150
31255;76;319;10;329
31256;76;290;6;296
31258;76;241;6;247
31259;76;2081;49;2130
31260;76;96;1;97
31261;76;1224;19;1243
31262;76;421;11;432
31263;76;3169;57;3226
31264;76;557;7;564
31265;76;242;4;246
31266;76;199;1;200
31267;76;66;0;66
31268;76;135;3;138
31269;76;1510;15;1525
31270;76;1013;35;1048
31271;76;2155;42;2197
31272;76;65;3;68
31273;76;2886;69;2955
31274;76;182;5;187
31275;76;160;5;165
31276;76;287;5;292
31277;76;1543;42;1585
31278;76;317;5;322
31279;76;77;1;78
31280;76;372;13;385
31281;76;1336;32;1368
31282;76;9050;112;9162
31283;76;267;1;268
31284;76;1654;55;1709
31285;76;759;13;772
31286;76;614;8;622
31287;76;3255;83;3338
31288;76;311;9;320
31289;76;280;3;283
31290;76;36;1;37
31291;76;9359;253;9612
31292;76;73;1;74
31293;76;2828;23;2851
31294;76;91;1;92
31295;76;83;0;83
31296;76;437;11;448
31297;76;2139;42;2181
31299;76;3777;82;3859
31300;76;127;3;130
31301;76;131;1;132
31302;76;291;7;298
31303;76;3160;34;3194
31304;76;451;10;461
31305;76;197;6;203
31306;76;92;0;92
31308;76;48;0;48
31309;76;229;2;231
31310;76;339;5;344
31311;76;1181;21;1202
31312;76;35;1;36
31313;76;110;2;112
31314;76;384;5;389
31315;76;956;46;1002
31316;76;490;8;498
31317;76;469;9;478
31318;76;206;5;211
31319;76;138;1;139
31320;76;956;41;997
31321;76;125;8;133
31322;76;66;2;68
31323;76;351;13;364
31324;76;2414;44;2458
31325;76;187;12;199
31326;76;93;0;93
31327;76;214;1;215
31328;76;317;10;327
31329;76;208;2;210
31330;76;506;11;517
31331;76;307;12;319
31332;76;217;4;221
31333;76;89;3;92
31334;76;1301;23;1324
31335;76;25;2;27
31336;76;628;12;640
31337;76;92;1;93
31338;76;781;23;804
31339;76;490;6;496
31340;76;291;9;300
31341;76;6054;103;6157
31342;76;173;0;173
31343;76;61;0;61
31344;76;766;12;778
31345;76;2623;36;2659
31346;76;1104;14;1118
31347;76;167;4;171
31348;76;37;0;37
31349;76;905;18;923
31350;76;81;1;82
31351;76;5166;93;5259
31352;76;224;11;235
31353;76;88;0;88
31354;76;54;0;54
31355;76;1758;53;1811
31356;76;1839;46;1885
31357;76;305;2;307
31358;76;3576;101;3677
31359;76;70;2;72
31360;76;503;7;510
31361;76;516;5;521
31362;76;203;5;208
31363;76;217;5;222
31364;76;3088;66;3154
31365;76;470;11;481
31366;76;654;21;675
31367;76;76;5;81
31368;76;242;13;255
31369;76;42;2;44
31370;76;143;1;144
31371;76;423;15;438
31372;76;459;7;466
31373;76;179;2;181
31374;76;1009;13;1022
31375;76;3111;68;3179
31376;76;104;3;107
31377;76;711;9;720
31378;76;82;2;84
31379;76;178;2;180
31380;76;507;8;515
31381;76;2530;59;2589
31382;76;112;1;113
31383;76;1304;26;1330
31384;76;1769;36;1805
31385;76;201;4;205
31386;76;214;6;220
31387;76;129;0;129
31388;76;387;12;399
31389;76;4111;78;4189
31390;76;2751;33;2784
31391;76;453;31;484
31392;76;78;4;82
31393;76;167;5;172
31394;76;129;3;132
31395;76;24797;564;25361
31396;76;3928;64;3992
31397;76;56;1;57
31398;76;96;1;97
31399;76;2912;64;2976
31400;76;90;0;90
31401;76;393;6;399
31402;76;906;32;938
31403;76;767;133;900
31404;76;101;4;105
31405;76;114;3;117
31406;76;814;11;825
31407;76;1239;29;1268
31408;76;88;3;91
31409;76;2352;54;2406
31410;76;4544;89;4633
31411;76;947;22;969
31412;76;267;8;275
31413;76;509;12;521
31414;76;80;2;82
31415;76;82;2;84
31416;76;585;7;592
31417;76;8578;255;8833
31418;76;938;33;971
31419;76;173;4;177
31420;76;2840;37;2877
31421;76;4318;69;4387
31422;76;93;0;93
31423;76;306;3;309
31424;76;19402;411;19813
31425;76;442;7;449
31426;76;854;11;865
31427;76;941;15;956
31428;76;53;2;55
31429;76;2307;38;2345
31430;76;596;14;610
31431;76;61;1;62
31432;76;38;4;42
31433;76;9812;124;9936
31434;76;80;4;84
31435;76;935;14;949
31436;76;412;10;422
31437;76;85;4;89
31439;76;720;15;735
31440;76;71;1;72
31441;76;148;2;150
31442;76;552;9;561
31443;76;291;5;296
31444;76;139;4;143
31445;76;5896;118;6014
31446;76;14600;317;14917
31447;76;35;1;36
31448;76;472;25;497
31449;76;139;4;143
31450;76;545;13;558
31451;76;9637;297;9934
31452;76;56;0;56
31453;76;137;2;139
31454;76;3578;86;3664
31455;76;2611;56;2667
31456;76;51;1;52
31457;76;794;13;807
31458;76;4757;54;4811
31459;76;756;19;775
31460;76;4212;68;4280
31461;76;289;3;292
31462;76;1931;41;1972
31463;76;247;4;251
31464;76;323;9;332
31465;76;19;0;19
31466;76;809;22;831
31467;76;6217;50;6267
31468;76;233;8;241
31469;76;137;3;140
31470;76;64;3;67
31471;76;383;8;391
31472;76;240;6;246
31473;76;434;1;435
31474;76;239;4;243
31475;76;1410;27;1437
31476;76;919;21;940
31477;76;42;0;42
31478;76;1266;34;1300
31479;76;60;1;61
31480;76;2174;66;2240
31481;76;2093;46;2139
31482;76;213;4;217
31483;76;11773;564;12337
31484;76;2522;65;2587
31485;76;116;2;118
31486;76;1373;22;1395
31487;76;228;5;233
31488;76;11017;138;11155
31489;76;395;12;407
31490;76;6383;68;6451
31491;76;413;11;424
31492;76;552;5;557
31493;76;132;6;138
31494;76;178;1;179
31495;76;1293;13;1306
31496;76;258;13;271
31497;76;2221;46;2267
31498;76;37;0;37
31499;76;9521;183;9704
31500;76;555;19;574
31501;76;436;7;443
31502;76;361;9;370
31503;76;997;11;1008
31504;76;223;16;239
31505;76;318;6;324
31506;76;12696;229;12925
31507;76;1622;25;1647
31508;76;34;0;34
31509;76;155;1;156
31510;76;141;0;141
31511;76;234;8;242
31512;76;892;27;919
31513;76;392;6;398
31514;76;59;2;61
31515;76;436;9;445
31516;76;1791;16;1807
31517;76;2325;61;2386
31518;76;576;15;591
31519;76;200;8;208
31520;76;122;3;125
31521;76;339;8;347
31522;76;59;2;61
31523;76;1763;106;1869
31524;76;129;2;131
31525;76;588;14;602
31526;76;8474;194;8668
31527;76;150;3;153
31528;76;123;4;127
31529;76;112;2;114
31530;76;249;5;254
31531;76;78;0;78
31532;76;93;0;93
31533;76;2297;51;2348
31534;76;208;0;208
31535;76;682;17;699
31536;76;252;8;260
31537;76;180;5;185
31538;76;220;4;224
31539;76;62;3;65
31540;76;320;8;328
31541;76;3284;73;3357
31542;76;210;3;213
31543;76;113;2;115
31544;76;215;2;217
31545;76;210;4;214
31546;76;130;2;132
31547;76;9481;124;9605
31548;76;51;0;51
31549;76;19;0;19
31550;76;523;15;538
31551;76;539;17;556
31552;76;138;4;142
31553;76;1146;25;1171
31554;76;238;1;239
31555;76;493465;5131;498596
31556;76;377;9;386
31557;76;28117;615;28732
31558;76;388;5;393
31559;76;7;0;7
31560;76;475;8;483
31561;76;11798;164;11962
31562;76;120;1;121
31563;76;1339;37;1376
31564;76;142;1;143
31565;76;878;15;893
31566;76;519;4;523
31567;76;435;6;441
31568;76;272;5;277
31569;76;384;10;394
31570;76;305;5;310
31571;76;285;4;289
31572;76;2702;86;2788
31573;76;3658;71;3729
31574;76;3059;35;3094
31575;76;1168;37;1205
31576;76;354;7;361
31577;76;144;0;144
31578;76;931;31;962
31579;76;790;13;803
31580;76;1007;21;1028
31581;76;1578;32;1610
31582;76;4806;65;4871
31583;76;1083;25;1108
31584;76;6034;88;6122
31585;76;1790;42;1832
31586;76;561;3;564
31587;76;1627;12;1639
31588;76;10050;126;10176
31589;76;1431;19;1450
31590;76;45;0;45
31591;76;79;1;80
31592;76;2046;32;2078
31593;76;86;0;86
32001;76;726;54;780
32002;76;79;5;84
32003;76;46;2;48
32004;76;136;2;138
32005;76;322;5;327
32007;76;223;5;228
32008;76;74;0;74
32009;76;90;1;91
32010;76;96;0;96
32012;76;1107;29;1136
32013;76;22173;1103;23276
32014;76;115;5;120
32015;76;89;1;90
32016;76;672;16;688
32017;76;133;5;138
32018;76;213;3;216
32019;76;516;17;533
32020;76;275;9;284
32021;76;74;1;75
32022;76;165;6;171
32023;76;112;3;115
32024;76;162;3;165
32025;76;160;2;162
32026;76;111;0;111
32027;76;1368;38;1406
32028;76;105;3;108
32029;76;664;20;684
32030;76;123;3;126
32031;76;169;2;171
32032;76;319;4;323
32033;76;107;0;107
32034;76;53;3;56
32035;76;241;4;245
32036;76;661;40;701
32037;76;129;7;136
32038;76;206;8;214
32039;76;119;4;123
32040;76;136;1;137
32041;76;173;4;177
32042;76;130;4;134
32043;76;150;4;154
32044;76;311;9;320
32045;76;418;19;437
32046;76;205;1;206
32047;76;111;1;112
32048;76;88;0;88
32049;76;76;3;79
32050;76;97;4;101
32051;76;129;2;131
32052;76;137;4;141
32053;76;193;3;196
32054;76;384;9;393
32055;76;134;2;136
32056;76;49;3;52
32057;76;131;3;134
32058;76;41;2;43
32059;76;135;2;137
32060;76;221;4;225
32061;76;186;3;189
32062;76;162;2;164
32063;76;174;8;182
32064;76;403;12;415
32065;76;249;3;252
32066;76;253;12;265
32067;76;51;4;55
32068;76;138;3;141
32069;76;66;3;69
32070;76;211;3;214
32071;76;185;9;194
32072;76;49;1;50
32073;76;215;3;218
32075;76;228;4;232
32076;76;546;10;556
32077;76;87;2;89
32078;76;231;9;240
32079;76;1215;22;1237
32080;76;143;6;149
32081;76;131;2;133
32082;76;353;6;359
32083;76;1006;24;1030
32084;76;52;2;54
32085;76;173;7;180
32086;76;78;2;80
32087;76;121;4;125
32088;76;324;0;324
32089;76;247;6;253
32090;76;341;8;349
32091;76;358;17;375
32092;76;92;4;96
32093;76;103;7;110
32094;76;429;16;445
32095;76;601;12;613
32096;76;1654;36;1690
32097;76;116;2;118
32098;76;323;5;328
32099;76;72;2;74
32100;76;163;4;167
32101;76;227;3;230
32102;76;228;2;230
32103;76;166;8;174
32104;76;162;3;165
32105;76;397;11;408
32106;76;927;70;997
32107;76;6493;206;6699
32108;76;153;10;163
32109;76;194;5;199
32110;76;399;5;404
32111;76;51;0;51
32112;76;252;12;264
32113;76;90;1;91
32114;76;123;5;128
32115;76;328;3;331
32116;76;149;4;153
32117;76;853;28;881
32118;76;138;5;143
32119;76;3975;71;4046
32120;76;425;9;434
32121;76;506;16;522
32122;76;345;10;355
32123;76;566;13;579
32124;76;187;0;187
32125;76;125;1;126
32126;76;161;1;162
32127;76;656;15;671
32128;76;204;12;216
32129;76;149;0;149
32130;76;217;1;218
32131;76;157;2;159
32132;76;5924;111;6035
32133;76;261;2;263
32134;76;344;6;350
32135;76;134;5;139
32136;76;174;5;179
32138;76;154;4;158
32139;76;112;1;113
32140;76;70;0;70
32141;76;115;0;115
32142;76;139;2;141
32143;76;273;11;284
32144;76;73;0;73
32145;76;47;2;49
32146;76;272;4;276
32147;76;3016;69;3085
32148;76;103;0;103
32149;76;1201;35;1236
32150;76;213;6;219
32151;76;63;0;63
32152;76;335;11;346
32153;76;168;1;169
32154;76;111;1;112
32155;76;1161;51;1212
32156;76;216;4;220
32157;76;190;3;193
32158;76;241;10;251
32159;76;550;14;564
32160;76;9072;222;9294
32161;76;91;4;95
32162;76;1147;50;1197
32163;76;295;9;304
32164;76;115;2;117
32165;76;219;6;225
32166;76;121;1;122
32167;76;308;5;313
32169;76;147;4;151
32170;76;141;3;144
32171;76;179;1;180
32172;76;295;15;310
32173;76;213;8;221
32174;76;222;4;226
32175;76;220;7;227
32176;76;122;5;127
32177;76;168;5;173
32178;76;77;3;80
32180;76;562;9;571
32181;76;245;2;247
32182;76;180;6;186
32183;76;232;11;243
32184;76;131;3;134
32185;76;153;4;157
32186;76;80;0;80
32187;76;119;7;126
32188;76;78;3;81
32189;76;106;3;109
32190;76;507;6;513
32191;76;145;1;146
32192;76;234;7;241
32193;76;233;3;236
32194;76;208;7;215
32195;76;45;2;47
32196;76;165;0;165
32197;76;223;6;229
32198;76;193;4;197
32199;76;190;9;199
32200;76;372;11;383
32201;76;339;7;346
32202;76;280;15;295
32203;76;253;3;256
32204;76;369;11;380
32205;76;107;1;108
32206;76;213;3;216
32207;76;342;17;359
32208;76;3672;355;4027
32209;76;283;3;286
32210;76;736;15;751
32211;76;195;7;202
32212;76;215;4;219
32213;76;2156;36;2192
32214;76;101;3;104
32215;76;146;10;156
32216;76;166;1;167
32217;76;61;2;63
32218;76;63;0;63
32219;76;307;11;318
32220;76;142;3;145
32221;76;236;3;239
32222;76;234;3;237
32223;76;60;31;91
32224;76;234;2;236
32225;76;104;5;109
32226;76;82;5;87
32227;76;804;27;831
32228;76;92;1;93
32229;76;71;8;79
32230;76;46;4;50
32231;76;437;14;451
32232;76;41;0;41
32233;76;1208;85;1293
32234;76;330;7;337
32235;76;161;8;169
32236;76;65;3;68
32237;76;483;11;494
32238;76;86;3;89
32239;76;448;11;459
32240;76;63;4;67
32241;76;170;6;176
32242;76;1498;397;1895
32243;76;269;3;272
32244;76;164;4;168
32245;76;147;7;154
32246;76;201;3;204
32247;76;309;7;316
32248;76;144;4;148
32249;76;2218;50;2268
32250;76;77;1;78
32251;76;69;0;69
32252;76;1111;20;1131
32253;76;525;12;537
32254;76;345;14;359
32255;76;155;5;160
32256;76;3450;301;3751
32257;76;61;4;65
32258;76;230;5;235
32260;76;76;4;80
32261;76;370;7;377
32262;76;394;14;408
32263;76;127;3;130
32264;76;211;3;214
32265;76;108;2;110
32266;76;145;1;146
32267;76;113;2;115
32268;76;811;29;840
32269;76;496;4;500
32270;76;84;1;85
32271;76;298;8;306
32272;76;167;3;170
32273;76;179;11;190
32274;76;205;3;208
32275;76;45;1;46
32276;76;71;1;72
32277;76;121;3;124
32278;76;118;7;125
32279;76;710;19;729
32280;76;94;2;96
32281;76;107;5;112
32282;76;677;12;689
32283;76;284;7;291
32284;76;63;1;64
32285;76;572;18;590
32286;76;701;11;712
32287;76;79;1;80
32288;76;145;3;148
32289;76;239;4;243
32290;76;1171;34;1205
32291;76;120;2;122
32292;76;397;13;410
32293;76;74;2;76
32294;76;75;3;78
32295;76;138;8;146
32296;76;2027;165;2192
32297;76;378;11;389
32298;76;372;12;384
32299;76;101;0;101
32300;76;294;3;297
32301;76;895;24;919
32302;76;226;11;237
32303;76;62;2;64
32304;76;290;9;299
32305;76;412;8;420
32306;76;615;48;663
32307;76;2501;119;2620
32308;76;108;2;110
32309;76;114;5;119
32310;76;123;1;124
32311;76;325;6;331
32312;76;672;14;686
32313;76;139;4;143
32314;76;75;5;80
32315;76;156;2;158
32316;76;106;3;109
32317;76;67;1;68
32318;76;111;2;113
32319;76;1429;26;1455
32320;76;150;7;157
32321;76;273;5;278
32322;76;203;3;206
32323;76;108;5;113
32324;76;80;3;83
32325;76;130;3;133
32326;76;145;4;149
32327;76;85;1;86
32328;76;120;6;126
32329;76;163;3;166
32330;76;195;5;200
32331;76;1250;35;1285
32332;76;126;1;127
32333;76;182;0;182
32334;76;1578;39;1617
32335;76;447;9;456
32336;76;160;9;169
32337;76;74;3;77
32338;76;168;5;173
32339;76;245;9;254
32340;76;286;3;289
32341;76;245;4;249
32342;76;57;2;59
32343;76;175;7;182
32344;76;1829;100;1929
32345;76;568;15;583
32346;76;212;5;217
32347;76;283;7;290
32348;76;562;23;585
32349;76;103;4;107
32350;76;33;2;35
32351;76;108;1;109
32352;76;115;4;119
32353;76;146;7;153
32354;76;138;1;139
32355;76;86;2;88
32356;76;127;1;128
32357;76;128;1;129
32358;76;190;4;194
32359;76;154;5;159
32360;76;139;3;142
32361;76;136;8;144
32362;76;143;3;146
32363;76;95;4;99
32364;76;95;3;98
32365;76;335;6;341
32366;76;74;1;75
32367;76;64;2;66
32368;76;544;11;555
32369;76;376;12;388
32370;76;1046;66;1112
32371;76;80;1;81
32372;76;288;4;292
32373;76;204;10;214
32374;76;181;6;187
32375;76;95;4;99
32376;76;114;3;117
32377;76;179;1;180
32378;76;499;6;505
32379;76;208;7;215
32380;76;138;10;148
32381;76;411;20;431
32382;76;309;14;323
32383;76;127;6;133
32384;76;278;6;284
32385;76;184;1;185
32386;76;143;1;144
32387;76;101;2;103
32388;76;439;7;446
32389;76;457;20;477
32390;76;240;5;245
32391;76;122;7;129
32392;76;88;1;89
32393;76;137;5;142
32394;76;338;5;343
32395;76;209;4;213
32396;76;234;3;237
32397;76;244;14;258
32398;76;315;10;325
32399;76;81;3;84
32400;76;208;9;217
32401;76;89;1;90
32402;76;106;3;109
32403;76;61;1;62
32404;76;589;15;604
32405;76;178;6;184
32406;76;355;10;365
32407;76;160;4;164
32408;76;134;4;138
32409;76;91;0;91
32410;76;2328;102;2430
32411;76;100;3;103
32412;76;842;14;856
32413;76;82;2;84
32414;76;231;6;237
32415;76;90;1;91
32416;76;361;15;376
32417;76;403;13;416
32418;76;279;64;343
32419;76;106;3;109
32420;76;66;2;68
32421;76;139;1;140
32422;76;43;1;44
32423;76;57;3;60
32424;76;225;8;233
32425;76;1168;28;1196
32426;76;1096;10;1106
32427;76;60;1;61
32428;76;66;4;70
32429;76;296;5;301
32430;76;80;0;80
32431;76;39;4;43
32432;76;242;2;244
32433;76;711;17;728
32434;76;97;3;100
32435;76;167;9;176
32436;76;482;6;488
32437;76;227;6;233
32438;76;101;0;101
32439;76;169;2;171
32440;76;250;6;256
32441;76;61;0;61
32442;76;381;4;385
32443;76;186;3;189
32444;76;260;7;267
32445;76;156;5;161
32446;76;285;6;291
32447;76;91;1;92
32448;76;507;16;523
32449;76;272;2;274
32450;76;128;4;132
32451;76;182;2;184
32452;76;260;8;268
32453;76;111;6;117
32454;76;69;3;72
32455;76;183;5;188
32456;76;53;0;53
32457;76;282;13;295
32458;76;233;3;236
32459;76;1122;20;1142
32460;76;306;8;314
32461;76;114;3;117
32462;76;3546;61;3607
32463;76;511;11;522
32464;76;840;20;860
32465;76;123;5;128
32466;76;114;2;116
32467;76;142;4;146
32468;76;84;0;84
33001;75;1982;26;2008
33002;75;834;14;848
33003;75;16636;156;16792
33004;75;3053;19;3072
33005;75;12242;275;12517
33006;75;931;12;943
33007;75;1335;7;1342
33008;75;489;8;497
33009;75;11630;268;11898
33010;75;529;7;536
33011;75;6381;122;6503
33012;75;3747;48;3795
33013;75;8656;79;8735
33014;75;1110;21;1131
33015;75;1992;41;2033
33016;75;443;9;452
33017;75;276;11;287
33018;75;3621;42;3663
33019;75;8680;121;8801
33020;75;143;0;143
33021;75;1049;14;1063
33022;75;3018;41;3059
33023;75;1332;16;1348
33024;75;301;9;310
33025;75;450;4;454
33026;75;497;5;502
33027;75;289;9;298
33028;75;1170;16;1186
33029;75;5605;81;5686
33030;75;2074;22;2096
33031;75;131;5;136
33032;75;7472;61;7533
33033;75;919;7;926
33034;75;460;4;464
33035;75;721;2;723
33036;75;4801;256;5057
33037;75;2330;39;2369
33038;75;915;8;923
33039;75;30642;349;30991
33040;75;1202;13;1215
33042;75;5732;93;5825
33043;75;278;1;279
33044;75;220;6;226
33045;75;335;8;343
33046;75;1125;30;1155
33047;75;1812;31;1843
33048;75;266;7;273
33049;75;2489;27;2516
33050;75;639;8;647
33051;75;10990;123;11113
33052;75;1148;35;1183
33053;75;229;1;230
33054;75;286;5;291
33055;75;464;4;468
33056;75;15419;605;16024
33057;75;909;20;929
33058;75;4838;112;4950
33059;75;306;6;312
33060;75;454;67;521
33061;75;990;19;1009
33062;75;742;12;754
33063;75;260958;3299;264257
33064;75;38;0;38
33065;75;3706;72;3778
33066;75;90;1;91
33067;75;2278;38;2316
33068;75;93;3;96
33069;75;23890;277;24167
33070;75;786;2;788
33071;75;1307;17;1324
33072;75;241;4;245
33073;75;1535;29;1564
33074;75;202;8;210
33075;75;19403;187;19590
33076;75;808;14;822
33077;75;2413;26;2439
33078;75;507;12;519
33079;75;356;7;363
33080;75;6464;70;6534
33081;75;2836;28;2864
33082;75;1331;16;1347
33083;75;1019;13;1032
33084;75;1732;17;1749
33085;75;2984;142;3126
33086;75;360;5;365
33087;75;414;5;419
33088;75;598;10;608
33089;75;503;6;509
33090;75;6061;73;6134
33093;75;775;17;792
33094;75;217;7;224
33095;75;1358;21;1379
33096;75;8254;82;8336
33097;75;2418;36;2454
33098;75;509;5;514
33099;75;4141;43;4184
33100;75;1201;21;1222
33101;75;1233;21;1254
33102;75;383;4;387
33103;75;53;0;53
33104;75;4804;65;4869
33105;75;222;12;234
33106;75;1454;19;1473
33108;75;3194;35;3229
33109;75;2391;19;2410
33111;75;1117;15;1132
33112;75;142;2;144
33113;75;154;3;157
33114;75;2198;15;2213
33115;75;236;1;237
33116;75;409;5;414
33117;75;225;3;228
33118;75;2082;34;2116
33119;75;25496;227;25723
33120;75;2138;20;2158
33121;75;190;2;192
33122;75;17053;276;17329
33123;75;2654;33;2687
33124;75;727;15;742
33125;75;2191;27;2218
33126;75;860;22;882
33127;75;222;5;227
33128;75;659;14;673
33129;75;155;0;155
33130;75;1035;27;1062
33131;75;209;2;211
33132;75;550;8;558
33133;75;72;1;73
33134;75;271;7;278
33135;75;128;2;130
33136;75;283;4;287
33137;75;221;4;225
33138;75;8602;130;8732
33139;75;98;3;101
33140;75;4832;100;4932
33141;75;691;9;700
33142;75;1650;16;1666
33143;75;2501;26;2527
33144;75;792;130;922
33145;75;659;18;677
33146;75;2330;28;2358
33147;75;470;6;476
33148;75;88;5;93
33149;75;154;1;155
33150;75;340;2;342
33151;75;915;18;933
33152;75;119;5;124
33153;75;266;4;270
33154;75;2142;101;2243
33155;75;158;4;162
33156;75;288;8;296
33157;75;792;15;807
33158;75;240;8;248
33159;75;1481;14;1495
33160;75;587;17;604
33161;75;764;6;770
33162;75;24488;264;24752
33163;75;433;6;439
33164;75;1651;34;1685
33165;75;3203;34;3237
33166;75;510;4;514
33167;75;18181;97;18278
33168;75;587;9;596
33169;75;109;4;113
33170;75;789;16;805
33171;75;231;3;234
33172;75;287;13;300
33173;75;188;7;195
33174;75;1142;34;1176
33175;75;739;10;749
33176;75;352;7;359
33177;75;2344;42;2386
33178;75;373;3;376
33179;75;3022;55;3077
33180;75;190;8;198
33181;75;280;4;284
33182;75;730;16;746
33183;75;1382;15;1397
33184;75;541;11;552
33185;75;1987;36;2023
33186;75;710;10;720
33187;75;1316;24;1340
33188;75;183;3;186
33189;75;430;10;440
33190;75;88;1;89
33191;75;586;4;590
33192;75;25694;334;26028
33193;75;1486;23;1509
33194;75;698;15;713
33195;75;1197;8;1205
33196;75;160;4;164
33197;75;451;6;457
33198;75;1591;35;1626
33199;75;21887;447;22334
33200;75;11539;189;11728
33201;75;833;18;851
33202;75;1433;18;1451
33203;75;3813;67;3880
33204;75;542;7;549
33205;75;1377;21;1398
33206;75;523;3;526
33207;75;6167;68;6235
33208;75;957;10;967
33209;75;283;7;290
33210;75;229;4;233
33211;75;599;2;601
33212;75;124;1;125
33213;75;4420;491;4911
33214;75;5070;72;5142
33215;75;194;6;200
33216;75;171;5;176
33218;75;1667;16;1683
33219;75;2540;25;2565
33220;75;1323;12;1335
33221;75;1166;23;1189
33222;75;659;15;674
33223;75;218;3;221
33224;75;100;0;100
33225;75;2195;37;2232
33226;75;2154;31;2185
33227;75;7357;146;7503
33228;75;701;10;711
33229;75;7285;139;7424
33230;75;507;10;517
33231;75;287;4;291
33232;75;39;0;39
33233;75;2844;21;2865
33234;75;3523;146;3669
33235;75;230;2;232
33236;75;8352;170;8522
33237;75;820;20;840
33238;75;10571;173;10744
33239;75;478;5;483
33240;75;5808;99;5907
33241;75;571;8;579
33242;75;555;10;565
33243;75;24257;544;24801
33244;75;439;8;447
33245;75;811;15;826
33246;75;150;6;156
33247;75;176;3;179
33248;75;2788;39;2827
33249;75;23181;317;23498
33250;75;313;8;321
33251;75;730;9;739
33252;75;834;12;846
33253;75;1118;10;1128
33254;75;510;8;518
33255;75;244;3;247
33256;75;5131;45;5176
33257;75;496;6;502
33258;75;304;7;311
33259;75;1346;24;1370
33260;75;974;21;995
33261;75;1240;38;1278
33262;75;4410;25;4435
33263;75;277;4;281
33264;75;1001;12;1013
33266;75;813;19;832
33268;75;2876;31;2907
33269;75;393;4;397
33270;75;183;8;191
33271;75;218;2;220
33272;75;1213;22;1235
33273;75;7624;131;7755
33274;75;3279;40;3319
33275;75;106;1;107
33276;75;142;5;147
33277;75;225;6;231
33278;75;236;6;242
33279;75;775;10;785
33280;75;542;4;546
33281;75;72197;723;72920
33282;75;350;4;354
33283;75;230;3;233
33284;75;10781;128;10909
33285;75;429;8;437
33287;75;601;5;606
33288;75;287;4;291
33289;75;1604;71;1675
33290;75;1521;132;1653
33291;75;178;3;181
33292;75;137;7;144
33293;75;3364;50;3414
33294;75;549;8;557
33295;75;86;9;95
33296;75;1032;15;1047
33297;75;1877;34;1911
33298;75;1006;19;1025
33299;75;385;8;393
33300;75;1083;23;1106
33301;75;605;6;611
33302;75;345;11;356
33303;75;841;8;849
33304;75;145;4;149
33305;75;509;5;514
33306;75;501;6;507
33307;75;1676;36;1712
33308;75;306;2;308
33309;75;496;6;502
33310;75;184;2;186
33311;75;1204;24;1228
33312;75;9136;84;9220
33314;75;4997;82;5079
33315;75;1622;21;1643
33316;75;968;13;981
33317;75;1194;16;1210
33318;75;65245;762;66007
33319;75;446;9;455
33320;75;720;11;731
33321;75;2148;28;2176
33322;75;6890;141;7031
33323;75;910;18;928
33324;75;4438;111;4549
33325;75;935;21;956
33326;75;219;5;224
33327;75;3160;49;3209
33328;75;579;11;590
33329;75;267;3;270
33330;75;3170;54;3224
33331;75;463;14;477
33332;75;867;11;878
33333;75;3294;46;3340
33334;75;2757;34;2791
33335;75;622;8;630
33336;75;1003;13;1016
33337;75;2154;33;2187
33339;75;1374;29;1403
33341;75;2325;33;2358
33342;75;823;21;844
33343;75;830;16;846
33344;75;528;6;534
33345;75;407;4;411
33346;75;418;11;429
33347;75;307;9;316
33348;75;1367;15;1382
33349;75;2195;22;2217
33350;75;1236;25;1261
33351;75;1602;26;1628
33352;75;4355;82;4437
33353;75;198;4;202
33354;75;192;5;197
33355;75;1525;36;1561
33356;75;431;1;432
33357;75;1742;27;1769
33358;75;467;8;475
33359;75;284;3;287
33360;75;308;3;311
33361;75;598;10;608
33362;75;1300;15;1315
33363;75;4499;70;4569
33364;75;385;7;392
33365;75;201;9;210
33366;75;12372;181;12553
33367;75;432;4;436
33369;75;675;12;687
33370;75;542;8;550
33372;75;56;2;58
33373;75;582;10;592
33374;75;866;19;885
33375;75;368;8;376
33376;75;7495;214;7709
33377;75;78;3;81
33378;75;1478;22;1500
33379;75;315;2;317
33380;75;1779;23;1802
33381;75;3399;34;3433
33382;75;1904;30;1934
33383;75;277;3;280
33384;75;418;7;425
33385;75;653;5;658
33386;75;191;6;197
33387;75;1481;24;1505
33388;75;781;16;797
33389;75;3021;42;3063
33390;75;422;9;431
33391;75;321;4;325
33392;75;866;16;882
33393;75;5688;68;5756
33394;75;1859;47;1906
33395;75;1592;50;1642
33396;75;195;4;199
33397;75;4832;82;4914
33398;75;168;2;170
33399;75;289;7;296
33400;75;340;5;345
33401;75;148;2;150
33402;75;2627;31;2658
33403;75;131;2;133
33404;75;190;4;194
33405;75;494;12;506
33406;75;380;7;387
33407;75;856;17;873
33408;75;383;17;400
33409;75;86;1;87
33411;75;156;3;159
33412;75;1256;20;1276
33413;75;2231;36;2267
33414;75;390;4;394
33415;75;1905;20;1925
33416;75;927;19;946
33417;75;2838;44;2882
33418;75;375;7;382
33419;75;79;0;79
33420;75;130;1;131
33421;75;463;7;470
33422;75;8980;163;9143
33423;75;611;0;611
33424;75;4860;88;4948
33425;75;1484;28;1512
33426;75;252;1;253
33427;75;247;5;252
33428;75;84;0;84
33429;75;326;5;331
33431;75;341;4;345
33432;75;236;2;238
33433;75;9909;108;10017
33434;75;2161;15;2176
33435;75;2078;95;2173
33436;75;1042;21;1063
33437;75;2029;11;2040
33438;75;1994;49;2043
33439;75;1624;19;1643
33440;75;239;5;244
33441;75;1158;98;1256
33442;75;550;5;555
33443;75;154;3;157
33444;75;576;10;586
33445;75;844;17;861
33446;75;168;1;169
33447;75;2391;22;2413
33448;75;3098;40;3138
33449;75;31808;520;32328
33450;75;245;3;248
33451;75;527;4;531
33452;75;836;13;849
33453;75;222;4;226
33454;75;1724;21;1745
33456;75;497;8;505
33457;75;600;10;610
33458;75;977;17;994
33459;75;187;3;190
33460;75;609;12;621
33461;75;375;5;380
33462;75;493;10;503
33463;75;1311;20;1331
33464;75;289;6;295
33465;75;1227;21;1248
33466;75;2559;32;2591
33467;75;238;4;242
33468;75;435;9;444
33470;75;871;24;895
33471;75;1280;23;1303
33472;75;360;6;366
33473;75;3250;37;3287
33474;75;3423;41;3464
33475;75;408;6;414
33476;75;704;12;716
33477;75;763;17;780
33478;75;3141;21;3162
33479;75;251;2;253
33480;75;1316;29;1345
33481;75;230;3;233
33482;75;250;3;253
33483;75;4762;67;4829
33484;75;1831;31;1862
33485;75;1910;32;1942
33486;75;355;9;364
33487;75;1000;8;1008
33488;75;357;13;370
33489;75;354;5;359
33490;75;1791;24;1815
33491;75;383;5;388
33492;75;2427;24;2451
33493;75;348;24;372
33494;75;1171;11;1182
33496;75;2630;40;2670
33498;75;7411;139;7550
33499;75;333;9;342
33500;75;429;9;438
33501;75;3255;57;3312
33502;75;485;5;490
33503;75;532;9;541
33504;75;814;9;823
33505;75;1546;55;1601
33506;75;1853;22;1875
33507;75;324;11;335
33508;75;626;13;639
33509;75;501;9;510
33510;75;218;1;219
33511;75;339;4;343
33512;75;362;8;370
33513;75;122;2;124
33514;75;2825;25;2850
33515;75;422;8;430
33516;75;199;5;204
33517;75;1655;17;1672
33518;75;1084;23;1107
33519;75;10141;145;10286
33520;75;283;3;286
33521;75;764;7;771
33522;75;43820;979;44799
33523;75;2054;24;2078
33524;75;337;7;344
33525;75;1297;21;1318
33526;75;133;3;136
33527;75;8500;179;8679
33528;75;633;7;640
33529;75;26168;378;26546
33530;75;880;9;889
33531;75;346;5;351
33532;75;472;9;481
33533;75;2752;28;2780
33534;75;802;11;813
33535;75;4895;52;4947
33536;75;257;5;262
33537;75;459;10;469
33538;75;539;10;549
33539;75;4123;53;4176
33540;75;2410;37;2447
33541;75;1017;17;1034
33542;75;946;14;960
33543;75;1020;9;1029
33544;75;1326;11;1337
33545;75;1314;22;1336
33546;75;503;12;515
33547;75;1120;26;1146
33548;75;1250;24;1274
33549;75;348;6;354
33550;75;36754;205;36959
33551;75;397;6;403
33552;75;1092;13;1105
33553;75;1171;5;1176
33554;75;2838;23;2861
33555;75;4992;81;5073
34001;76;1795;24;1819
34002;76;1259;25;1284
34003;76;29600;400;30000
34004;76;245;4;249
34005;76;285;9;294
34006;76;271;7;278
34007;76;470;5;475
34008;76;605;11;616
34009;76;1753;28;1781
34010;76;2918;39;2957
34011;76;111;4;115
34012;76;973;25;998
34013;76;1662;29;1691
34014;76;1488;42;1530
34015;76;164;3;167
34016;76;531;17;548
34017;76;494;16;510
34018;76;923;15;938
34019;76;276;8;284
34020;76;360;12;372
34021;76;297;6;303
34022;76;7654;101;7755
34023;76;6991;91;7082
34024;76;2648;42;2690
34025;76;2155;35;2190
34026;76;221;4;225
34027;76;2144;49;2193
34028;76;5743;231;5974
34029;76;681;10;691
34030;76;211;0;211
34031;76;5162;76;5238
34032;76;78308;1242;79550
34033;76;2072;41;2113
34034;76;39;1;40
34035;76;1028;19;1047
34036;76;1362;24;1386
34037;76;3367;56;3423
34038;76;1584;24;1608
34039;76;1643;24;1667
34040;76;54;0;54
34041;76;940;17;957
34042;76;605;14;619
34043;76;361;5;366
34044;76;341;10;351
34045;76;524;16;540
34046;76;49;0;49
34047;76;699;10;709
34048;76;310;5;315
34049;76;229;4;233
34050;76;1950;26;1976
34051;76;3506;46;3552
34052;76;3281;59;3340
34053;76;128;0;128
34054;76;106;1;107
34055;76;216;3;219
34056;76;1253;24;1277
34057;76;22534;382;22916
34058;76;6294;103;6397
34059;76;315;6;321
34060;76;402;5;407
34061;76;619;10;629
34062;76;152;1;153
34063;76;2538;47;2585
34064;76;458;14;472
34065;76;608;11;619
34066;76;215;3;218
34067;76;1536;40;1576
34068;76;412;9;421
34069;76;5060;94;5154
34070;76;627;12;639
34071;76;329;5;334
34072;76;27;1;28
34073;76;2560;50;2610
34074;76;2336;49;2385
34075;76;413;8;421
34076;76;1368;26;1394
34077;76;5411;101;5512
34078;76;1671;37;1708
34079;76;9029;161;9190
34080;76;482;14;496
34081;76;2684;44;2728
34082;76;1742;41;1783
34083;76;326;3;329
34084;76;1724;31;1755
34085;76;353;4;357
34086;76;616;13;629
34087;76;3454;31;3485
34088;76;6423;78;6501
34089;76;1313;26;1339
34090;76;9310;133;9443
34091;76;56;0;56
34092;76;967;17;984
34093;76;146;5;151
34094;76;1109;23;1132
34095;76;7293;127;7420
34096;76;546;9;555
34097;76;473;6;479
34098;76;153;4;157
34099;76;48;1;49
34100;76;55;4;59
34101;76;5057;79;5136
34102;76;349;9;358
34103;76;1045;19;1064
34104;76;126;0;126
34105;76;254;3;257
34106;76;180;9;189
34107;76;343;3;346
34108;76;23028;227;23255
34109;76;844;19;863
34110;76;733;26;759
34111;76;4098;102;4200
34112;76;207;4;211
34113;76;6507;79;6586
34114;76;6480;114;6594
34115;76;118;1;119
34116;76;8798;99;8897
34117;76;608;9;617
34118;76;502;12;514
34119;76;1515;26;1541
34120;76;6808;102;6910
34121;76;285;13;298
34122;76;528;7;535
34123;76;11344;103;11447
34124;76;308;10;318
34125;76;111;4;115
34126;76;2500;17;2517
34127;76;3099;43;3142
34128;76;1625;31;1656
34129;76;17453;227;17680
34130;76;1770;29;1799
34131;76;638;20;658
34132;76;205;2;207
34133;76;57;0;57
34134;76;3328;54;3382
34135;76;3299;54;3353
34136;76;1567;29;1596
34137;76;148;7;155
34138;76;333;13;346
34139;76;1385;40;1425
34140;76;3218;85;3303
34141;76;521;8;529
34142;76;7477;237;7714
34143;76;2191;39;2230
34144;76;661;13;674
34145;76;26385;242;26627
34146;76;4367;45;4412
34147;76;3371;52;3423
34148;76;4628;85;4713
34149;76;717;2;719
34150;76;7734;104;7838
34151;76;6407;78;6485
34152;76;672;10;682
34153;76;2005;41;2046
34154;76;16705;194;16899
34155;76;2260;48;2308
34156;76;44;3;47
34157;76;12307;166;12473
34158;76;103;1;104
34159;76;3310;50;3360
34160;76;627;15;642
34161;76;3960;75;4035
34162;76;4324;59;4383
34163;76;4052;47;4099
34164;76;1028;11;1039
34165;76;2934;60;2994
34166;76;2865;51;2916
34167;76;254;4;258
34168;76;74;0;74
34169;76;3960;162;4122
34170;76;213;5;218
34171;76;163;4;167
34172;76;295542;3391;298933
34173;76;1360;24;1384
34174;76;866;26;892
34175;76;205;5;210
34176;76;2753;29;2782
34177;76;324;10;334
34178;76;3105;54;3159
34179;76;1863;30;1893
34180;76;1437;23;1460
34181;76;1039;25;1064
34182;76;1827;29;1856
34183;76;3996;61;4057
34184;76;677;15;692
34185;76;507;11;518
34186;76;522;12;534
34187;76;662;14;676
34188;76;188;4;192
34189;76;1687;19;1706
34190;76;237;7;244
34191;76;571;12;583
34192;76;5844;41;5885
34193;76;177;6;183
34194;76;4016;53;4069
34195;76;55;1;56
34196;76;159;5;164
34197;76;1040;17;1057
34198;76;9016;122;9138
34199;76;8002;271;8273
34200;76;236;10;246
34201;76;293;7;300
34202;76;7959;109;8068
34203;76;1906;22;1928
34204;76;1373;17;1390
34205;76;283;10;293
34206;76;538;11;549
34207;76;2196;44;2240
34208;76;358;15;373
34209;76;3104;64;3168
34210;76;2082;46;2128
34211;76;1008;30;1038
34212;76;175;6;181
34213;76;5993;78;6071
34214;76;1172;18;1190
34215;76;959;22;981
34216;76;334;9;343
34217;76;5908;111;6019
34218;76;310;8;318
34219;76;505;9;514
34220;76;251;5;256
34221;76;499;11;510
34222;76;616;13;629
34223;76;1152;23;1175
34224;76;1348;23;1371
34225;76;3037;50;3087
34226;76;1796;26;1822
34227;76;2109;29;2138
34228;76;77;5;82
34229;76;739;26;765
34230;76;147;4;151
34231;76;21;2;23
34232;76;604;11;615
34233;76;210;3;213
34234;76;97;1;98
34235;76;275;5;280
34236;76;68;0;68
34237;76;2187;29;2216
34238;76;36;1;37
34239;76;6198;106;6304
34240;76;3786;33;3819
34241;76;873;14;887
34242;76;1074;24;1098
34243;76;2001;31;2032
34244;76;3209;43;3252
34245;76;1697;34;1731
34246;76;2107;44;2151
34247;76;5016;244;5260
34248;76;943;17;960
34249;76;2735;58;2793
34250;76;302;7;309
34251;76;519;17;536
34252;76;253;5;258
34253;76;34;1;35
34254;76;1163;32;1195
34255;76;10197;265;10462
34256;76;2017;33;2050
34257;76;216;2;218
34258;76;1669;30;1699
34259;76;5552;66;5618
34260;76;855;15;870
34261;76;245;8;253
34262;76;250;0;250
34263;76;433;3;436
34264;76;210;0;210
34265;76;750;23;773
34266;76;500;7;507
34267;76;1727;34;1761
34268;76;634;17;651
34269;76;147;6;153
34270;76;11086;204;11290
34271;76;219;3;222
34272;76;3278;29;3307
34273;76;143;5;148
34274;76;2766;26;2792
34276;76;4883;96;4979
34277;76;186;6;192
34278;76;55;1;56
34279;76;325;3;328
34280;76;615;7;622
34281;76;2329;37;2366
34282;76;1248;19;1267
34283;76;135;1;136
34284;76;1794;185;1979
34285;76;638;11;649
34286;76;401;12;413
34287;76;267;7;274
34288;76;976;22;998
34289;76;2807;36;2843
34290;76;719;10;729
34291;76;355;23;378
34292;76;302;6;308
34293;76;1132;20;1152
34294;76;1011;19;1030
34295;76;1616;33;1649
34296;76;1004;21;1025
34297;76;426;8;434
34298;76;5485;97;5582
34299;76;7504;158;7662
34300;76;5233;92;5325
34301;76;43858;601;44459
34302;76;744;8;752
34303;76;38;1;39
34304;76;920;12;932
34305;76;127;0;127
34306;76;174;2;176
34307;76;2802;57;2859
34308;76;457;13;470
34309;76;4595;107;4702
34310;76;3029;74;3103
34311;76;1719;157;1876
34312;76;1279;29;1308
34313;76;676;24;700
34314;76;576;13;589
34315;76;430;5;435
34316;76;226;2;228
34317;76;186;7;193
34318;76;721;12;733
34319;76;151;4;155
34320;76;2584;56;2640
34321;76;2057;29;2086
34322;76;766;24;790
34323;76;44;0;44
34324;76;4206;58;4264
34325;76;1641;32;1673
34326;76;91;0;91
34327;76;6423;84;6507
34328;76;1122;27;1149
34329;76;2723;81;2804
34331;76;95;2;97
34332;76;5717;65;5782
34333;76;3373;28;3401
34334;76;269;0;269
34335;76;419;12;431
34336;76;4102;53;4155
34337;76;10344;121;10465
34338;76;69;3;72
34339;76;174;2;176
34340;76;1467;43;1510
34341;76;3859;68;3927
34342;76;206;4;210
34343;76;1228;28;1256
34344;76;8696;104;8800
35001;53;6834;164;6998
35002;53;1759;37;1796
35003;53;946;9;955
35004;53;4137;88;4225
35005;53;313;12;325
35006;53;4502;129;4631
35007;53;485;2;487
35008;53;674;18;692
35009;53;1703;27;1730
35010;53;1738;16;1754
35012;53;7314;165;7479
35013;53;3503;162;3665
35014;53;2455;32;2487
35015;53;2218;48;2266
35016;53;2188;61;2249
35017;53;673;10;683
35018;53;1069;21;1090
35019;53;1856;27;1883
35021;53;1357;36;1393
35022;53;688;15;703
35023;53;4417;73;4490
35024;53;12265;259;12524
35025;53;1054;15;1069
35026;53;102;6;108
35027;53;1707;33;1740
35028;53;722;14;736
35029;53;1539;25;1564
35030;53;676;17;693
35031;53;4526;101;4627
35032;53;4515;62;4577
35033;53;3295;69;3364
35034;53;1200;24;1224
35035;53;598;11;609
35037;53;6404;81;6485
35038;53;633;21;654
35039;53;2059;43;2102
35040;53;3655;78;3733
35041;53;1006;17;1023
35042;53;670;30;700
35044;53;381;10;391
35045;53;866;19;885
35046;53;540;8;548
35047;53;18905;461;19366
35049;53;5226;91;5317
35050;53;593;9;602
35051;53;17082;534;17616
35052;53;514;15;529
35054;53;1815;45;1860
35055;53;10278;191;10469
35056;53;814;20;834
35057;53;1496;26;1522
35058;53;1295;15;1310
35059;53;4682;96;4778
35060;53;1011;19;1030
35061;53;711;17;728
35062;53;1475;27;1502
35063;53;452;6;458
35064;53;984;20;1004
35065;53;2219;44;2263
35066;53;8157;134;8291
35067;53;1598;28;1626
35068;53;7336;154;7490
35069;53;10283;263;10546
35070;53;1710;25;1735
35071;53;436;6;442
35072;53;1675;35;1710
35075;53;808;19;827
35076;53;4268;82;4350
35077;53;347;11;358
35078;53;1092;22;1114
35079;53;2325;57;2382
35080;53;2410;62;2472
35081;53;908;30;938
35082;53;1465;35;1500
35084;53;695;11;706
35085;53;5963;142;6105
35086;53;611;9;620
35087;53;964;32;996
35088;53;3434;56;3490
35089;53;455;12;467
35090;53;2862;40;2902
35091;53;597;6;603
35092;53;834;14;848
35093;53;10181;526;10707
35094;53;1638;24;1662
35095;53;5738;332;6070
35096;53;2383;55;2438
35097;53;2020;51;2071
35098;53;1396;27;1423
35099;53;3680;65;3745
35101;53;1195;21;1216
35102;53;510;10;520
35103;53;420;10;430
35104;53;1417;26;1443
35105;53;1697;53;1750
35106;53;1514;14;1528
35107;53;1949;35;1984
35108;53;1061;23;1084
35109;53;2585;59;2644
35110;53;1014;19;1033
35111;53;710;6;716
35112;53;939;26;965
35114;53;261;6;267
35115;53;20595;653;21248
35116;53;2571;58;2629
35117;53;1619;22;1641
35118;53;1525;24;1549
35119;53;946;21;967
35120;53;5521;109;5630
35121;53;2000;37;2037
35122;53;1943;46;1989
35123;53;4321;90;4411
35124;53;2455;38;2493
35125;53;4249;147;4396
35126;53;8674;203;8877
35127;53;3986;97;4083
35128;53;1701;39;1740
35130;53;2247;54;2301
35131;53;4629;81;4710
35132;53;1389;34;1423
35133;53;4553;93;4646
35134;53;273;12;285
35135;53;2263;37;2300
35136;53;8470;159;8629
35137;53;2105;70;2175
35138;53;1173;28;1201
35139;53;5116;149;5265
35140;53;561;10;571
35141;53;693;21;714
35142;53;1183;22;1205
35143;53;929;30;959
35144;53;1031;19;1050
35145;53;1385;25;1410
35146;53;606;2;608
35148;53;157;0;157
35149;53;1757;39;1796
35150;53;3260;95;3355
35151;53;777;15;792
35152;53;7949;137;8086
35153;53;367;11;378
35154;53;1718;41;1759
35155;53;648;15;663
35156;53;612;10;622
35157;53;643;15;658
35159;53;326;3;329
35160;53;247;5;252
35161;53;1912;36;1948
35162;53;3340;59;3399
35163;53;1823;29;1852
35164;53;743;11;754
35165;53;951;21;972
35166;53;1027;15;1042
35167;53;2583;65;2648
35168;53;3954;81;4035
35169;53;1470;17;1487
35170;53;607;16;623
35171;53;1819;48;1867
35172;53;1918;30;1948
35173;53;6958;107;7065
35174;53;649;12;661
35175;53;1012;16;1028
35176;53;7107;142;7249
35177;53;4971;121;5092
35178;53;1799;19;1818
35179;53;4148;80;4228
35180;53;792;16;808
35181;53;1483;35;1518
35183;53;820;21;841
35184;53;6086;246;6332
35185;53;266;1;267
35186;53;1085;31;1116
35187;53;1332;45;1377
35188;53;6726;173;6899
35189;53;3515;62;3577
35190;53;250;8;258
35191;53;2319;49;2368
35192;53;232;5;237
35193;53;1972;44;2016
35194;53;1006;32;1038
35195;53;2390;35;2425
35196;53;7338;141;7479
35197;53;1718;19;1737
35198;53;713;25;738
35199;53;343;9;352
35200;53;919;16;935
35201;53;885;7;892
35202;53;1022;9;1031
35203;53;353;5;358
35204;53;3281;59;3340
35205;53;380;8;388
35206;53;7003;127;7130
35207;53;6133;150;6283
35208;53;5152;124;5276
35210;53;11860;329;12189
35211;53;1772;40;1812
35212;53;1191;32;1223
35214;53;649;1;650
35215;53;1331;43;1374
35216;53;1780;28;1808
35217;53;1380;29;1409
35218;53;883;20;903
35219;53;3813;76;3889
35220;53;3031;54;3085
35221;53;2780;54;2834
35222;53;1973;33;2006
35223;53;4008;87;4095
35224;53;2796;52;2848
35225;53;781;15;796
35226;53;1927;27;1954
35227;53;3474;51;3525
35228;53;6982;124;7106
35229;53;1319;52;1371
35230;53;374;4;378
35231;53;1195;31;1226
35232;53;391;7;398
35233;53;1578;37;1615
35234;53;1194;17;1211
35235;53;1076;47;1123
35236;53;9287;745;10032
35237;53;1034;22;1056
35238;53;220488;4167;224655
35239;53;4438;96;4534
35240;53;8932;293;9225
35241;53;2403;85;2488
35242;53;345;4;349
35243;53;2458;55;2513
35244;53;248;3;251
35245;53;4032;73;4105
35246;53;1361;27;1388
35247;53;998;12;1010
35248;53;459;8;467
35249;53;1029;14;1043
35250;53;2206;39;2245
35251;53;3916;82;3998
35252;53;923;34;957
35253;53;4006;162;4168
35255;53;975;30;1005
35256;53;2193;63;2256
35257;53;4958;96;5054
35258;53;331;9;340
35259;53;1140;22;1162
35260;53;563;6;569
35261;53;235;2;237
35262;53;356;6;362
35263;53;2820;88;2908
35264;53;2034;45;2079
35265;53;2562;49;2611
35266;53;3311;73;3384
35268;53;429;8;437
35270;53;371;4;375
35271;53;1487;26;1513
35272;53;951;23;974
35273;53;2062;31;2093
35274;53;962;15;977
35275;53;5178;85;5263
35276;53;571;12;583
35277;53;377;6;383
35278;53;9890;372;10262
35279;53;1207;28;1235
35280;53;1025;20;1045
35281;53;13948;158;14106
35282;53;2886;52;2938
35283;53;1334;23;1357
35284;53;2683;71;2754
35285;53;1055;23;1078
35286;53;284;10;294
35287;53;2460;88;2548
35288;53;46803;1338;48141
35289;53;1076;18;1094
35290;53;578;11;589
35291;53;437;9;446
35292;53;1633;39;1672
35294;53;2265;65;2330
35295;53;538;11;549
35296;53;1322;23;1345
35297;53;4599;164;4763
35299;53;4327;108;4435
35300;53;1356;39;1395
35302;53;1127;24;1151
35304;53;1313;29;1342
35305;53;418;8;426
35306;53;2333;163;2496
35307;53;1042;19;1061
35308;53;4336;75;4411
35309;53;819;13;832
35310;53;1531;27;1558
35311;53;584;4;588
35312;53;1829;48;1877
35314;53;943;50;993
35315;53;1382;41;1423
35316;53;827;9;836
35317;53;589;61;650
35318;53;947;21;968
35319;53;2114;43;2157
35320;53;540;4;544
35321;53;794;10;804
35322;53;1109;27;1136
35324;53;616;17;633
35325;53;155;6;161
35326;53;2566;41;2607
35327;53;3804;88;3892
35328;53;2135;43;2178
35329;53;547;11;558
35330;53;993;26;1019
35331;53;2489;51;2540
35332;53;1069;11;1080
35333;53;1725;33;1758
35334;53;8575;211;8786
35335;53;837;22;859
35336;53;182;3;185
35337;53;3739;191;3930
35338;53;1223;29;1252
35339;53;591;4;595
35340;53;1307;24;1331
35342;53;347;12;359
35343;53;1244;20;1264
35345;53;895;23;918
35346;53;209;4;213
35347;53;2580;57;2637
35350;53;806;24;830
35351;53;1436;24;1460
35352;53;8169;146;8315
35353;53;6114;113;6227
35354;53;317;2;319
35355;53;1245;6;1251
35356;53;2025;25;2050
35357;53;306;5;311
35358;53;1220;32;1252
35359;53;838;17;855
35360;53;18487;553;19040
35361;53;1054;7;1061
35362;53;1177;9;1186
35363;53;4413;106;4519
36001;24;1420;27;1447
36002;24;118;0;118
36003;24;891;23;914
36004;24;322;8;330
36005;24;3850;82;3932
36006;24;4880;213;5093
36007;24;601;9;610
36008;24;222;9;231
36009;24;1218;43;1261
36010;24;867;18;885
36011;24;175;2;177
36012;24;363;0;363
36013;24;428;5;433
36014;24;199;6;205
36015;24;54;1;55
36016;24;945;22;967
36017;24;368;5;373
36018;24;6250;222;6472
36019;24;312;5;317
36020;24;74;1;75
36021;24;891;20;911
36022;24;410;8;418
36023;24;261;5;266
36024;24;130;1;131
36025;24;608;11;619
36026;24;596;8;604
36027;24;249;6;255
36028;24;115;2;117
36029;24;230;3;233
36030;24;244;4;248
36031;24;4516;74;4590
36032;24;724;22;746
36033;24;398;4;402
36034;24;2763;38;2801
36035;24;1086;14;1100
36036;24;149;1;150
36037;24;283;6;289
36038;24;137;2;139
36040;24;102;0;102
36041;24;140;1;141
36042;24;703;11;714
36043;24;574;23;597
36044;24;43122;1540;44662
36045;24;2360;34;2394
36046;24;4054;117;4171
36047;24;504;8;512
36048;24;271;9;280
36049;24;125;2;127
36050;24;457;7;464
36051;24;186;5;191
36052;24;153;2;155
36053;24;543;13;556
36054;24;233;7;240
36055;24;1004;18;1022
36056;24;984;15;999
36057;24;881;23;904
36058;24;645;17;662
36059;24;233;8;241
36060;24;703;14;717
36061;24;332;9;341
36062;24;441;6;447
36063;24;7609;149;7758
36064;24;749;16;765
36065;24;260;5;265
36066;24;441;14;455
36067;24;101;3;104
36068;24;422;7;429
36069;24;1216;23;1239
36070;24;1345;37;1382
36071;24;1012;20;1032
36073;24;213;5;218
36074;24;536;9;545
36075;24;89;1;90
36076;24;249;3;252
36077;24;245;3;248
36078;24;356;5;361
36079;24;77;1;78
36080;24;72;2;74
36081;24;280;8;288
36082;24;252;1;253
36083;24;117;4;121
36084;24;287;2;289
36085;24;247;6;253
36086;24;390;8;398
36087;24;312;5;317
36088;24;11477;290;11767
36089;24;405;6;411
36090;24;118;2;120
36091;24;656;18;674
36092;24;270;8;278
36093;24;2923;37;2960
36094;24;449;7;456
36095;24;106;2;108
36096;24;214;3;217
36097;24;323;9;332
36098;24;85;3;88
36099;24;299;4;303
36100;24;261;6;267
36101;24;1536;39;1575
36102;24;102;2;104
36103;24;1340;16;1356
36104;24;234;2;236
36105;24;257;3;260
36106;24;155;1;156
36107;24;728;12;740
36108;24;214;2;216
36109;24;1054;19;1073
36110;24;260;6;266
36111;24;193;3;196
36112;24;750;19;769
36113;24;938;20;958
36114;24;296;8;304
36115;24;128;2;130
36116;24;118;1;119
36117;24;429;7;436
36118;24;378;3;381
36119;24;540;13;553
36120;24;669;12;681
36121;24;172;6;178
36122;24;197;2;199
36123;24;990;20;1010
36124;24;274;11;285
36125;24;120;5;125
36126;24;446;5;451
36127;24;1570;36;1606
36128;24;1673;167;1840
36129;24;557;14;571
36130;24;108;2;110
36131;24;472;7;479
36132;24;64;3;67
36133;24;216;6;222
36134;24;402;12;414
36135;24;295;6;301
36136;24;129;3;132
36137;24;365;16;381
36138;24;187;7;194
36139;24;657;16;673
36140;24;1174;21;1195
36141;24;1652;38;1690
36142;24;1583;31;1614
36143;24;449;13;462
36144;24;295;7;302
36145;24;177;3;180
36146;24;728;10;738
36147;24;138;3;141
36148;24;410;3;413
36149;24;794;12;806
36150;24;496;9;505
36152;24;440;3;443
36153;24;339;8;347
36154;24;1859;38;1897
36155;24;791;55;846
36156;24;366;2;368
36157;24;451;13;464
36158;24;765;9;774
36159;24;5820;174;5994
36160;24;214;5;219
36161;24;937;10;947
36162;24;826;19;845
36163;24;669;11;680
36164;24;225;3;228
36165;24;1036;28;1064
36166;24;166;4;170
36167;24;157;3;160
36168;24;586;15;601
36169;24;511;10;521
36170;24;104;0;104
36171;24;2010;37;2047
36172;24;528;10;538
36173;24;519;13;532
36174;24;361;11;372
36175;24;276;2;278
36176;24;586;8;594
36177;24;325;6;331
36178;24;277;12;289
36179;24;232;0;232
36180;24;825;18;843
36181;24;167;3;170
36182;24;576;17;593
36184;24;495;8;503
36185;24;362;3;365
36186;24;256;3;259
36187;24;132;2;134
36188;24;182;150;332
36189;24;967;13;980
36190;24;270;1;271
36191;24;532;7;539
36192;24;1772;23;1795
36193;24;256;8;264
36194;24;950;16;966
36195;24;571;14;585
36196;24;100;3;103
36197;24;292;7;299
36198;24;406;14;420
36199;24;1145;24;1169
36200;24;1506;24;1530
36202;24;3685;77;3762
36203;24;52;0;52
36204;24;323;7;330
36205;24;109;4;113
36207;24;611;13;624
36208;24;774;14;788
36209;24;268;13;281
36210;24;300;11;311
36211;24;457;8;465
36212;24;155;2;157
36213;24;256;4;260
36214;24;300;10;310
36215;24;496;13;509
36216;24;65;1;66
36217;24;98;3;101
36218;24;144;6;150
36219;24;648;7;655
36220;24;896;18;914
36221;24;382;8;390
36222;24;234;7;241
36223;24;139;4;143
36224;24;1132;25;1157
36225;24;181;1;182
36226;24;353;1;354
36227;24;248;2;250
36228;24;2338;107;2445
36229;24;957;10;967
36230;24;1945;39;1984
36231;24;964;20;984
36232;24;1052;16;1068
36233;24;741;8;749
36234;24;326;6;332
36235;24;376;8;384
36236;24;317;5;322
36237;24;716;19;735
36238;24;99;3;102
36239;24;461;6;467
36240;24;298;4;302
36241;24;2687;47;2734
36242;24;107;1;108
36243;24;319;4;323
36244;24;873;6;879
36246;24;168;2;170
36247;24;1228;22;1250
36248;24;231;3;234
37001;24;1149;17;1166
37002;24;1757;29;1786
37003;24;12533;379;12912
37004;24;423;11;434
37005;24;508;5;513
37006;24;2649;52;2701
37007;24;166;4;170
37008;24;2716;39;2755
37009;24;439;4;443
37010;24;2222;70;2292
37011;24;1868;39;1907
37012;24;554;3;557
37013;24;468;10;478
37014;24;3501;99;3600
37015;24;3099;68;3167
37016;24;367;14;381
37018;24;8102;140;8242
37019;24;455;10;465
37020;24;1761;33;1794
37021;24;1719;19;1738
37022;24;2689;90;2779
37023;24;242;5;247
37024;24;906;27;933
37025;24;692;6;698
37026;24;536;4;540
37027;24;5257;65;5322
37028;24;744;23;767
37029;24;328;5;333
37030;24;795;7;802
37031;24;3894;77;3971
37032;24;271;7;278
37033;24;210;5;215
37034;24;301;7;308
37035;24;291;6;297
37036;24;189;1;190
37037;24;215;5;220
37038;24;750;8;758
37039;24;494;13;507
37040;24;262;9;271
37041;24;323;5;328
37042;24;185;3;188
37043;24;1051;24;1075
37044;24;369;5;374
37045;24;1059;15;1074
37046;24;437;8;445
37047;24;1215;26;1241
37048;24;321;5;326
37049;24;1250;25;1275
37050;24;11880;262;12142
37051;24;829;8;837
37052;24;1135;18;1153
37053;24;119;7;126
37054;24;3525;47;3572
37055;24;816;16;832
37056;24;569;10;579
37057;24;681;14;695
37058;24;1446;26;1472
37059;24;1306;31;1337
37060;24;1311;20;1331
37061;24;501;16;517
37062;24;1736;18;1754
37063;24;4917;78;4995
37064;24;226;7;233
37065;24;549;5;554
37066;24;560;5;565
37067;24;1816;21;1837
37068;24;729;10;739
37069;24;230;8;238
37070;24;351;5;356
37071;24;132;2;134
37072;24;8104;318;8422
37073;24;583;14;597
37074;24;2085;24;2109
37075;24;461;5;466
37076;24;398;10;408
37077;24;3729;51;3780
37078;24;412;8;420
37079;24;1791;57;1848
37080;24;203;4;207
37081;24;1401;20;1421
37082;24;447;4;451
37083;24;1800;26;1826
37084;24;538;6;544
37085;24;801;23;824
37086;24;498;8;506
37087;24;247;9;256
37088;24;110;1;111
37089;24;655;18;673
37090;24;109;2;111
37091;24;2379;59;2438
37092;24;665;14;679
37093;24;535;6;541
37094;24;561;16;577
37095;24;347;7;354
37096;24;619;10;629
37097;24;673;23;696
37098;24;751;19;770
37099;24;964;12;976
37100;24;406;4;410
37101;24;155;2;157
37103;24;144;2;146
37104;24;6109;111;6220
37105;24;253;6;259
37106;24;320;4;324
37107;24;238;5;243
37108;24;716;14;730
37109;24;10301;523;10824
37110;24;1383;35;1418
37111;24;1505;32;1537
37112;24;378;7;385
37113;24;875;19;894
37114;24;174;1;175
37115;24;3366;61;3427
37116;24;557;16;573
37117;24;875;10;885
37118;24;1425;35;1460
37119;24;1527;38;1565
37121;24;253;4;257
37122;24;38444;412;38856
37123;24;4455;63;4518
37124;24;2500;40;2540
37125;24;531;2;533
37126;24;325;8;333
37127;24;339;8;347
37128;24;1296;23;1319
37129;24;1058;21;1079
37130;24;2130;33;2163
37131;24;1278;22;1300
37132;24;6199;536;6735
37133;24;474;10;484
37134;24;677;14;691
37136;24;527;3;530
37137;24;140;3;143
37138;24;842;16;858
37139;24;5101;143;5244
37140;24;239;5;244
37141;24;966;18;984
37142;24;568;4;572
37143;24;1348;28;1376
37144;24;529;6;535
37145;24;240;1;241
37146;24;219;3;222
37147;24;562;10;572
37148;24;603;6;609
37149;24;483;7;490
37150;24;1390;13;1403
37151;24;3300;62;3362
37152;24;2068;66;2134
37153;24;4643;54;4697
37154;24;4542;91;4633
37155;24;641;8;649
37156;24;10868;149;11017
37157;24;322;4;326
37158;24;776;11;787
37159;24;7876;143;8019
37160;24;343;6;349
37161;24;806;13;819
37162;24;468;17;485
37163;24;3508;56;3564
37165;24;439;5;444
37166;24;794;7;801
37167;24;2098;37;2135
37168;24;289;9;298
37169;24;920;28;948
37170;24;1081;63;1144
37171;24;1134;19;1153
37172;24;4234;83;4317
37173;24;737;9;746
37174;24;812;16;828
37175;24;1244;31;1275
37176;24;1183;49;1232
37177;24;715;16;731
37178;24;611;4;615
37179;24;2474;32;2506
37180;24;636;6;642
37181;24;234;10;244
37182;24;1409;15;1424
37183;24;1464;27;1491
37184;24;338;7;345
37185;24;1675;73;1748
37186;24;1212;13;1225
37187;24;360;7;367
37188;24;896;6;902
37189;24;1004;21;1025
37190;24;166;3;169
37191;24;231;6;237
37192;24;1278;18;1296
37193;24;1149;26;1175
37194;24;1751;33;1784
37195;24;10317;80;10397
37196;24;1664;18;1682
37197;24;511;13;524
37198;24;312;2;314
37199;24;471;9;480
37200;24;987;14;1001
37201;24;703;20;723
37202;24;527;11;538
37203;24;3145;90;3235
37204;24;1345;23;1368
37205;24;1403;16;1419
37206;24;1715;36;1751
37207;24;338;2;340
37208;24;14995;297;15292
37210;24;849;17;866
37211;24;2625;32;2657
37212;24;774;11;785
37213;24;1105;24;1129
37214;24;16419;415;16834
37216;24;1575;28;1603
37217;24;1653;20;1673
37218;24;571;12;583
37219;24;1039;17;1056
37220;24;364;4;368
37221;24;623;8;631
37222;24;761;29;790
37223;24;319;2;321
37224;24;943;15;958
37225;24;3181;57;3238
37226;24;4150;52;4202
37228;24;1095;14;1109
37229;24;247;8;255
37230;24;993;19;1012
37231;24;1647;25;1672
37232;24;1900;39;1939
37233;24;15967;250;16217
37234;24;497;15;512
37236;24;608;11;619
37237;24;1254;18;1272
37238;24;541;8;549
37240;24;709;15;724
37241;24;1342;22;1364
37242;24;1563;32;1595
37243;24;3234;76;3310
37244;24;250;4;254
37245;24;2173;45;2218
37246;24;207;4;211
37247;24;617;10;627
37248;24;375;21;396
37249;24;1399;20;1419
37250;24;2752;76;2828
37251;24;874;11;885
37252;24;393;6;399
37253;24;182;6;188
37254;24;1722;29;1751
37255;24;264;1;265
37256;24;293;3;296
37257;24;1769;23;1792
37258;24;288;3;291
37259;24;460;10;470
37260;24;520;8;528
37261;24;137087;2756;139843
37262;24;296;4;300
37263;24;2452;40;2492
37264;24;1299;20;1319
37265;24;240;5;245
37266;24;6423;118;6541
37267;24;4570;80;4650
37268;24;128;0;128
37269;24;474;11;485
37270;24;2713;41;2754
37271;24;1048;9;1057
37272;24;1133;37;1170
37273;24;5585;71;5656
37274;24;301;3;304
37275;24;119;2;121
37276;24;1329;31;1360
37277;24;588;3;591
37278;24;1074;7;1081
37279;24;754;7;761
37280;24;225;6;231
37281;24;3254;70;3324
37282;24;1354;27;1381
38001;84;6389;106;6495
38002;84;1044;29;1073
38003;84;1149;22;1171
38004;84;1279;25;1304
38005;84;946;18;964
38006;84;4023;106;4129
38008;84;27;0;27
38009;84;1045;24;1069
38010;84;696;18;714
38011;84;1077;13;1090
38012;84;2882;54;2936
38013;84;3380;91;3471
38015;84;1824;38;1862
38017;84;1586;36;1622
38018;84;363;10;373
38019;84;1480;29;1509
38020;84;183;4;187
38022;84;7804;159;7963
38023;84;198;5;203
38026;84;1100;12;1112
38027;84;1950;57;2007
38029;84;1941;41;1982
38030;84;1740;30;1770
38031;84;21;0;21
38032;84;561;11;572
38033;84;635;18;653
38034;84;4977;83;5060
38035;84;1114;15;1129
38036;84;95;2;97
38037;84;991;14;1005
38038;84;599;14;613
38039;84;3025;104;3129
38040;84;141;1;142
38041;84;107;3;110
38042;84;1023;21;1044
38043;84;1575;43;1618
38044;84;1454;41;1495
38045;84;2331;92;2423
38046;84;991;15;1006
38047;84;149;3;152
38048;84;1073;18;1091
38049;84;302;7;309
38050;84;629;9;638
38051;84;1351;21;1372
38052;84;3286;103;3389
38053;84;28834;609;29443
38054;84;1542;21;1563
38055;84;632;8;640
38056;84;93;2;95
38057;84;671;12;683
38058;84;2186;37;2223
38059;84;2545;42;2587
38060;84;141;5;146
38061;84;3235;70;3305
38062;84;732;12;744
38063;84;441;14;455
38064;84;3113;70;3183
38065;84;2119;50;2169
38066;84;175;4;179
38067;84;1697;38;1735
38068;84;1200;30;1230
38069;84;1436;23;1459
38070;84;1211;14;1225
38071;84;3172;32;3204
38072;84;2726;42;2768
38073;84;195;3;198
38074;84;360;6;366
38075;84;2986;107;3093
38076;84;1886;67;1953
38077;84;757;16;773
38078;84;584;6;590
38080;84;767;20;787
38081;84;1969;45;2014
38082;84;1918;46;1964
38083;84;450;15;465
38084;84;1407;26;1433
38085;84;10102;84;10186
38086;84;402;8;410
38087;84;6308;57;6365
38089;84;225;5;230
38090;84;268;5;273
38091;84;753;13;766
38092;84;91;3;94
38093;84;439;7;446
38094;84;2020;42;2062
38095;84;2480;159;2639
38097;84;4869;64;4933
38098;84;712;18;730
38099;84;726;23;749
38100;84;2528;43;2571
38101;84;1028;16;1044
38102;84;626;21;647
38103;84;306;2;308
38104;84;1411;32;1443
38105;84;2369;45;2414
38106;84;346;9;355
38107;84;1679;51;1730
38108;84;120;0;120
38109;84;1051;27;1078
38110;84;2260;44;2304
38111;84;7924;216;8140
38112;84;100;1;101
38113;84;536;6;542
38114;84;1450;33;1483
38115;84;730;19;749
38116;84;40;0;40
38117;84;630;14;644
38118;84;1625;44;1669
38120;84;709;17;726
38124;84;2238;47;2285
38126;84;4075;130;4205
38127;84;163;5;168
38128;84;450;5;455
38129;84;360;17;377
38130;84;4829;277;5106
38131;84;2024;75;2099
38132;84;73;0;73
38133;84;5216;400;5616
38134;84;920;19;939
38135;84;1282;21;1303
38136;84;530;16;546
38137;84;432;13;445
38138;84;3375;64;3439
38139;84;1503;19;1522
38140;84;8293;256;8549
38141;84;758;15;773
38144;84;2799;37;2836
38146;84;827;26;853
38147;84;885;25;910
38148;84;3192;71;3263
38149;84;1675;36;1711
38150;84;6677;70;6747
38151;84;36932;212;37144
38152;84;1441;29;1470
38153;84;449;20;469
38154;84;221;2;223
38155;84;1871;30;1901
38156;84;972;32;1004
38157;84;3535;73;3608
38158;84;9980;119;10099
38159;84;539;13;552
38160;84;2303;115;2418
38161;84;1062;6;1068
38162;84;1464;40;1504
38163;84;387;9;396
38166;84;466;10;476
38167;84;540;5;545
38169;84;23211;234;23445
38170;84;3172;35;3207
38171;84;328;4;332
38172;84;1625;33;1658
38173;84;247;7;254
38174;84;1092;23;1115
38175;84;3392;59;3451
38176;84;2096;55;2151
38177;84;103;0;103
38179;84;7134;86;7220
38180;84;1013;38;1051
38181;84;2476;36;2512
38182;84;3079;57;3136
38183;84;502;9;511
38184;84;1627;21;1648
38185;84;158198;2243;160441
38186;84;377;12;389
38187;84;1796;25;1821
38188;84;1362;23;1385
38189;84;4712;64;4776
38190;84;1171;28;1199
38191;84;1306;34;1340
38192;84;195;6;201
38193;84;16584;318;16902
38194;84;2137;35;2172
38195;84;745;9;754
38197;84;1816;20;1836
38198;84;1059;22;1081
38199;84;2156;56;2212
38200;84;3779;69;3848
38203;84;465;8;473
38204;84;192;5;197
38205;84;2676;119;2795
38206;84;983;36;1019
38207;84;151;3;154
38208;84;148;3;151
38209;84;235;7;242
38210;84;871;14;885
38211;84;352;5;357
38212;84;1284;8;1292
38213;84;584;12;596
38214;84;2166;73;2239
38215;84;2314;44;2358
38216;84;54;2;56
38217;84;71;2;73
38218;84;1176;21;1197
38219;84;645;15;660
38221;84;141;3;144
38222;84;750;17;767
38223;84;1876;66;1942
38224;84;91;3;94
38225;84;3039;103;3142
38226;84;1393;75;1468
38228;84;479;18;497
38229;84;17786;391;18177
38230;84;1023;43;1066
38231;84;1025;30;1055
38232;84;638;12;650
38235;84;456;8;464
38236;84;1733;38;1771
38237;84;190;4;194
38238;84;1941;42;1983
38239;84;7499;156;7655
38240;84;738;15;753
38241;84;16;0;16
38242;84;1428;31;1459
38243;84;250;6;256
38244;84;797;19;816
38245;84;269;4;273
38246;84;1132;17;1149
38247;84;3467;55;3522
38248;84;524;21;545
38249;84;5477;562;6039
38250;84;569;17;586
38252;84;337;9;346
38253;84;1929;36;1965
38254;84;500;13;513
38255;84;139;0;139
38256;84;1833;23;1856
38257;84;446;12;458
38258;84;76;4;80
38259;84;972;16;988
38260;84;525;18;543
38261;84;4526;99;4625
38263;84;391;5;396
38264;84;136;0;136
38265;84;1692;21;1713
38266;84;450;9;459
38267;84;768;13;781
38268;84;264;3;267
38269;84;4920;208;5128
38270;84;1858;65;1923
38271;84;862;11;873
38272;84;399;7;406
38273;84;464;19;483
38275;84;308;41;349
38276;84;2648;69;2717
38277;84;536;6;542
38278;84;498;9;507
38279;84;1131;12;1143
38280;84;521;21;542
38281;84;2256;77;2333
38282;84;871;28;899
38283;84;109;3;112
38284;84;849;27;876
38285;84;161;4;165
38286;84;6;0;6
38287;84;1039;20;1059
38288;84;1668;32;1700
38289;84;213;4;217
38290;84;855;15;870
38291;84;1153;17;1170
38292;84;2528;60;2588
38294;84;660;16;676
38295;84;723;12;735
38296;84;876;37;913
38297;84;1851;43;1894
38298;84;6516;59;6575
38299;84;137;2;139
38300;84;362;9;371
38301;84;175;4;179
38303;84;565;5;570
38304;84;1493;37;1530
38307;84;521;9;530
38308;84;271;2;273
38309;84;2127;27;2154
38310;84;1212;16;1228
38311;84;709;15;724
38313;84;296;15;311
38314;84;7348;171;7519
38315;84;3570;142;3712
38316;84;5980;44;6024
38317;84;10716;76;10792
38318;84;5313;50;5363
38319;84;785;31;816
38320;84;1786;40;1826
38321;84;165;8;173
38322;84;92;2;94
38323;84;1161;22;1183
38324;84;716;18;734
38325;84;513;9;522
38326;84;367;12;379
38328;84;897;33;930
38329;84;68;0;68
38330;84;102;1;103
38331;84;998;31;1029
38332;84;3467;51;3518
38333;84;324;6;330
38334;84;1313;43;1356
38335;84;1051;26;1077
38336;84;1974;35;2009
38337;84;6668;83;6751
38338;84;740;9;749
38339;84;2128;56;2184
38340;84;1981;37;2018
38341;84;1090;40;1130
38342;84;316;7;323
38343;84;1584;31;1615
38344;84;8457;119;8576
38345;84;611;10;621
38346;84;397;7;404
38347;84;1132;27;1159
38348;84;4717;108;4825
38349;84;2285;22;2307
38350;84;554;18;572
38351;84;1089;22;1111
38352;84;2130;61;2191
38353;84;840;19;859
38354;84;410;5;415
38355;84;123;6;129
38356;84;310;18;328
38357;84;2760;143;2903
38358;84;717;11;728
38359;84;1162;28;1190
38360;84;414;8;422
38361;84;79;3;82
38362;84;1157;53;1210
38363;84;932;38;970
38364;84;430;4;434
38365;84;814;19;833
38366;84;260;8;268
38368;84;1094;25;1119
38369;84;985;38;1023
38370;84;653;18;671
38372;84;724;10;734
38373;84;1149;42;1191
38374;84;3689;91;3780
38375;84;110;0;110
38376;84;824;9;833
38377;84;3456;59;3515
38378;84;3705;86;3791
38379;84;269;8;277
38380;84;308;5;313
38381;84;2098;53;2151
38382;84;15944;220;16164
38383;84;2595;108;2703
38384;84;3206;44;3250
38386;84;2394;41;2435
38387;84;506;13;519
38388;84;2537;32;2569
38389;84;3439;68;3507
38390;84;544;9;553
38391;84;247;5;252
38392;84;615;22;637
38393;84;1558;33;1591
38394;84;1869;32;1901
38395;84;2380;73;2453
38396;84;810;27;837
38397;84;7064;314;7378
38398;84;976;16;992
38399;84;4590;101;4691
38400;84;3564;80;3644
38401;84;1636;40;1676
38402;84;529;19;548
38403;84;286;5;291
38404;84;300;4;304
38405;84;1224;28;1252
38406;84;152;4;156
38407;84;987;30;1017
38408;84;2656;61;2717
38409;84;1311;33;1344
38410;84;1399;24;1423
38412;84;4510;102;4612
38413;84;429;9;438
38414;84;41;2;43
38415;84;1432;39;1471
38416;84;7766;179;7945
38417;84;479;17;496
38418;84;235;2;237
38419;84;185;2;187
38420;84;248;5;253
38421;84;37935;265;38200
38422;84;5512;175;5687
38423;84;5880;62;5942
38424;84;168;3;171
38425;84;6387;94;6481
38426;84;656;16;672
38427;84;299;4;303
38428;84;31;0;31
38429;84;281;7;288
38430;84;325;7;332
38431;84;2960;90;3050
38432;84;977;25;1002
38433;84;1083;31;1114
38434;84;648;6;654
38436;84;2247;41;2288
38437;84;293;6;299
38438;84;267;1;268
38439;84;3372;55;3427
38440;84;758;16;774
38442;84;962;26;988
38443;84;465;12;477
38444;84;116;6;122
38445;84;781;6;787
38446;84;570;14;584
38448;84;1407;31;1438
38449;84;6020;64;6084
38450;84;1475;19;1494
38451;84;3346;41;3387
38452;84;368;10;378
38453;84;1785;41;1826
38454;84;2107;50;2157
38455;84;4202;83;4285
38456;84;477;10;487
38457;84;2921;65;2986
38458;84;614;16;630
38459;84;918;7;925
38460;84;431;12;443
38462;84;540;14;554
38463;84;1713;38;1751
38464;84;2249;49;2298
38465;84;1093;22;1115
38466;84;1505;48;1553
38467;84;1452;38;1490
38468;84;4488;71;4559
38469;84;68;0;68
38470;84;335;8;343
38471;84;1133;30;1163
38472;84;214;4;218
38473;84;1158;22;1180
38474;84;11062;197;11259
38475;84;2487;28;2515
38476;84;898;10;908
38478;84;1063;13;1076
38479;84;2016;52;2068
38480;84;2071;41;2112
38481;84;1106;32;1138
38483;84;1659;50;1709
38484;84;2116;27;2143
38485;84;11891;142;12033
38486;84;7827;108;7935
38487;84;2049;52;2101
38488;84;583;16;599
38489;84;133;2;135
38490;84;1946;47;1993
38492;84;703;21;724
38494;84;797;21;818
38495;84;585;4;589
38496;84;1239;25;1264
38497;84;143;0;143
38498;84;735;22;757
38499;84;1206;16;1222
38500;84;574;6;580
38501;84;2128;23;2151
38503;84;2510;127;2637
38504;84;1995;95;2090
38505;84;772;15;787
38507;84;7555;99;7654
38508;84;794;26;820
38509;84;8167;207;8374
38511;84;3176;101;3277
38512;84;777;25;802
38513;84;301;7;308
38514;84;177;1;178
38515;84;2212;56;2268
38516;84;6602;140;6742
38517;84;7816;123;7939
38518;84;506;12;518
38519;84;2879;49;2928
38520;84;698;20;718
38521;84;67;2;69
38522;84;130;2;132
38523;84;843;19;862
38524;84;8301;164;8465
38525;84;461;5;466
38526;84;360;11;371
38527;84;342;4;346
38528;84;1321;30;1351
38529;84;3965;60;4025
38530;84;2537;51;2588
38531;84;561;6;567
38532;84;923;10;933
38533;84;732;16;748
38535;84;262;7;269
38536;84;1397;24;1421
38537;84;7293;88;7381
38538;84;4933;64;4997
38539;84;617;21;638
38540;84;1433;26;1459
38542;84;330;15;345
38543;84;2142;35;2177
38544;84;29993;341;30334
38545;84;8547;126;8673
38546;84;973;81;1054
38547;84;7249;105;7354
38548;84;4234;225;4459
38549;84;28;3;31
38550;84;57;0;57
38551;84;40;1;41
38552;84;403;12;415
38553;84;18835;271;19106
38554;84;1820;69;1889
38555;84;1160;30;1190
38556;84;1179;20;1199
38557;84;5113;89;5202
38558;84;1920;31;1951
38559;84;4352;73;4425
38560;84;1537;19;1556
38561;84;1664;32;1696
38562;84;7246;168;7414
38563;84;20372;499;20871
38564;84;234;10;244
38565;84;9275;373;9648
38566;84;1700;48;1748
38567;84;407;5;412
39001;27;859;25;884
39002;27;61;1;62
39003;27;46;0;46
39004;27;53;3;56
39006;27;444;16;460
39007;27;151;5;156
39008;27;444;49;493
39009;27;509;11;520
39010;27;93;1;94
39011;27;404;5;409
39013;27;3295;209;3504
39014;27;216;6;222
39015;27;116;2;118
39016;27;1094;34;1128
39017;27;1206;37;1243
39018;27;658;18;676
39019;27;218;10;228
39020;27;100;4;104
39021;27;594;14;608
39022;27;739;12;751
39024;27;272;6;278
39025;27;269;7;276
39026;27;181;1;182
39027;27;191;6;197
39028;27;475;7;482
39029;27;370;9;379
39030;27;820;21;841
39031;27;201;3;204
39032;27;364;17;381
39034;27;315;8;323
39035;27;351;9;360
39037;27;195;4;199
39038;27;146;2;148
39039;27;239;5;244
39040;27;177;2;179
39041;27;160;6;166
39042;27;492;21;513
39043;27;1398;20;1418
39045;27;81;3;84
39046;27;71;4;75
39047;27;527;16;543
39048;27;251;8;259
39049;27;408;14;422
39050;27;158;10;168
39051;27;409;5;414
39052;27;68;0;68
39053;27;208;4;212
39054;27;110;1;111
39055;27;47;1;48
39056;27;1500;28;1528
39057;27;101;1;102
39058;27;174;5;179
39059;27;1642;42;1684
39060;27;55;1;56
39061;27;109;5;114
39062;27;70;0;70
39063;27;267;6;273
39065;27;112;0;112
39066;27;179;6;185
39068;27;308;9;317
39070;27;94;2;96
39072;27;268;7;275
39073;27;170;6;176
39074;27;206;8;214
39076;27;220;1;221
39077;27;43;1;44
39078;27;682;14;696
39079;27;204;9;213
39080;27;62;2;64
39081;27;388;8;396
39083;27;319;6;325
39084;27;143;4;147
39085;27;89;1;90
39086;27;237;2;239
39088;27;392;11;403
39090;27;184;4;188
39091;27;91;1;92
39092;27;182;1;183
39093;27;424;10;434
39094;27;163;7;170
39095;27;123;5;128
39096;27;469;8;477
39097;27;8014;407;8421
39099;27;438;7;445
39100;27;102;3;105
39101;27;1442;33;1475
39102;27;228;4;232
39103;27;308;1;309
39104;27;604;9;613
39105;27;219;9;228
39106;27;289;6;295
39107;27;139;3;142
39108;27;55;3;58
39109;27;178;2;180
39110;27;66;0;66
39111;27;39;0;39
39112;27;110;1;111
39114;27;141;7;148
39116;27;149;2;151
39117;27;109;6;115
39118;27;53;0;53
39119;27;86;3;89
39120;27;130;8;138
39121;27;406;7;413
39122;27;108;5;113
39124;27;472;15;487
39126;27;395;11;406
39127;27;106;1;107
39128;27;1575;24;1599
39129;27;396;14;410
39130;27;805;22;827
39131;27;571;13;584
39132;27;34;0;34
39133;27;70;2;72
39134;27;227;8;235
39136;27;37;1;38
39137;27;440;15;455
39138;27;343;10;353
39139;27;73;0;73
39140;27;39;0;39
39141;27;281;6;287
39142;27;129;1;130
39143;27;34;0;34
39145;27;295;19;314
39146;27;627;25;652
39147;27;100;4;104
39149;27;310;9;319
39150;27;1023;30;1053
39151;27;124;6;130
39153;27;795;31;826
39154;27;1435;43;1478
39155;27;77;0;77
39156;27;245;7;252
39157;27;53;3;56
39159;27;262;2;264
39160;27;896;17;913
39162;27;260;5;265
39163;27;114;3;117
39164;27;664;27;691
39165;27;55;0;55
39166;27;216;4;220
39167;27;360;5;365
39168;27;46;0;46
39169;27;592;15;607
39170;27;923;28;951
39171;27;1144;31;1175
39172;27;254;14;268
39173;27;1300;25;1325
39174;27;65;0;65
39175;27;72;7;79
39176;27;526;8;534
39177;27;969;24;993
39178;27;73;1;74
39179;27;237;5;242
39180;27;253;120;373
39182;27;677;25;702
39183;27;630;80;710
39184;27;194;5;199
39185;27;390;12;402
39187;27;270;7;277
39188;27;345;4;349
39189;27;2629;79;2708
39190;27;1293;28;1321
39191;27;85;5;90
39192;27;72;1;73
39193;27;1012;17;1029
39194;27;481;6;487
39196;27;114;2;116
39197;27;359;11;370
39198;27;23711;893;24604
39199;27;1232;30;1262
39200;27;219;7;226
39201;27;281;39;320
39202;27;139;1;140
39203;27;104;2;106
39204;27;29;3;32
39205;27;382;8;390
39206;27;228;10;238
39207;27;78;3;81
39208;27;136;8;144
39209;27;325;7;332
39210;27;582;14;596
39211;27;256;3;259
39214;27;122;3;125
39216;27;310;11;321
39217;27;565;14;579
39218;27;427;6;433
39219;27;657;12;669
39220;27;401;9;410
39221;27;31;1;32
39222;27;82;7;89
39223;27;197;2;199
39225;27;195;6;201
39227;27;189;7;196
39228;27;1081;28;1109
39229;27;203;10;213
39230;27;75;3;78
39232;27;442;11;453
39233;27;2266;40;2306
39234;27;79;0;79
39235;27;1192;14;1206
39236;27;59;1;60
39237;27;51;4;55
39238;27;110;7;117
39239;27;39;2;41
39240;27;167;5;172
39241;27;375;9;384
39244;27;159;5;164
39245;27;360;9;369
39246;27;425;13;438
39247;27;72;2;74
39248;27;44;0;44
39249;27;76;4;80
39250;27;172;7;179
39251;27;452;95;547
39252;27;706;10;716
39253;27;276;8;284
39254;27;137;6;143
39255;27;232;4;236
39258;27;626;19;645
39259;27;32;1;33
39261;27;141;2;143
39262;27;135;1;136
39263;27;396;14;410
39265;27;197;4;201
39266;27;344;2;346
39267;27;103;1;104
39268;27;58;1;59
39269;27;269;1;270
39270;27;546;62;608
39271;27;394;17;411
39272;27;49;3;52
39273;27;241;7;248
39274;27;285;13;298
39275;27;647;17;664
39277;27;60;1;61
39278;27;143;2;145
39279;27;606;13;619
39280;27;101;2;103
39281;27;85;2;87
39282;27;80;2;82
39283;27;629;18;647
39284;27;142;2;144
39285;27;328;8;336
39286;27;2352;108;2460
39288;27;385;5;390
39289;27;350;7;357
39290;27;476;17;493
39291;27;240;5;245
39292;27;154;4;158
39293;27;207;4;211
39295;27;167;1;168
39296;27;215;5;220
39297;27;1143;32;1175
39298;27;60;3;63
39299;27;491;10;501
39300;27;17189;810;17999
39301;27;171;4;175
39302;27;94;4;98
39304;27;222;9;231
39305;27;562;10;572
39306;27;955;36;991
39307;27;332;10;342
39308;27;318;7;325
39310;27;470;13;483
39312;27;111;4;115
39313;27;213;1;214
39314;27;80;4;84
39315;27;396;22;418
39317;27;352;15;367
39318;27;192;13;205
39319;27;144;1;145
39320;27;334;1;335
39321;27;157;2;159
39322;27;53;2;55
39323;27;312;14;326
39324;27;7;0;7
39325;27;577;15;592
39326;27;177;4;181
39327;27;847;13;860
39328;27;421;7;428
39329;27;172;3;175
39330;27;152;5;157
39331;27;828;26;854
39333;27;2120;113;2233
39334;27;127;5;132
39335;27;567;11;578
39336;27;110;4;114
39337;27;88;3;91
39338;27;506;6;512
39339;27;1123;28;1151
39342;27;123;1;124
39343;27;15;1;16
39344;27;335;14;349
39345;27;405;15;420
39346;27;114;5;119
39348;27;417;47;464
39349;27;490;23;513
39350;27;310;4;314
39351;27;147;7;154
39352;27;132;2;134
39353;27;166;9;175
39354;27;367;3;370
39355;27;238;8;246
39356;27;207;8;215
39359;27;32;1;33
39360;27;171;2;173
39361;27;195;5;200
39362;27;3082;331;3413
39363;27;84;1;85
39364;27;491;14;505
39365;27;1275;22;1297
39366;27;242;6;248
39367;27;2263;82;2345
39368;27;5275;270;5545
39370;27;1070;313;1383
39372;27;87;9;96
39373;27;160;4;164
39375;27;129;0;129
39376;27;74;2;76
39377;27;173;8;181
39378;27;765;15;780
39379;27;525;11;536
39380;27;46;2;48
39381;27;96;3;99
39385;27;541;5;546
39386;27;89;0;89
39387;27;291;6;297
39388;27;196;8;204
39389;27;589;14;603
39390;27;296;12;308
39391;27;408;12;420
39392;27;194;3;197
39393;27;63;2;65
39394;27;71;4;75
39396;27;1134;16;1150
39397;27;1606;45;1651
39398;27;395;3;398
39399;27;349;8;357
39400;27;144;2;146
39401;27;238;5;243
39402;27;319;7;326
39403;27;220;5;225
39404;27;488;10;498
39405;27;999;21;1020
39406;27;262;3;265
39407;27;335;6;341
39408;27;149;6;155
39409;27;133;1;134
39411;27;1515;46;1561
39412;27;320;2;322
39413;27;334;7;341
39415;27;1095;10;1105
39418;27;98;2;100
39419;27;62;1;63
39420;27;209;3;212
39421;27;238;15;253
39422;27;528;13;541
39423;27;106;9;115
39424;27;161;3;164
39425;27;89;1;90
39426;27;212;10;222
39427;27;62;0;62
39428;27;23;3;26
39429;27;440;3;443
39430;27;105;2;107
39431;27;335;4;339
39432;27;127;1;128
39434;27;4003;362;4365
39435;27;630;22;652
39436;27;230;8;238
39437;27;274;5;279
39439;27;524;12;536
39441;27;1200;31;1231
39443;27;123;5;128
39444;27;61;2;63
39445;27;283;15;298
39446;27;244;3;247
39447;27;253;6;259
39448;27;477;15;492
39449;27;266;10;276
39451;27;504;4;508
39452;27;532;7;539
39453;27;453;12;465
39454;27;91;2;93
39455;27;55;1;56
39456;27;342;4;346
39457;27;54;0;54
39458;27;243;12;255
39460;27;193;8;201
39461;27;82;0;82
39462;27;677;5;682
39463;27;230;6;236
39464;27;210;6;216
39465;27;201;2;203
39466;27;123;0;123
39467;27;156;6;162
39468;27;138;4;142
39469;27;113;2;115
39470;27;3648;82;3730
39471;27;747;17;764
39472;27;213;4;217
39473;27;90;2;92
39474;27;355;10;365
39475;27;2392;100;2492
39476;27;1814;43;1857
39477;27;260;5;265
39478;27;8985;240;9225
39479;27;241;6;247
39480;27;260;15;275
39481;27;389;9;398
39485;27;787;13;800
39486;27;115;4;119
39487;27;1812;36;1848
39489;27;461;11;472
39490;27;249;7;256
39491;27;2260;94;2354
39492;27;236;3;239
39493;27;235;2;237
39494;27;359;21;380
39495;27;66;0;66
39497;27;93;2;95
39498;27;602;12;614
39499;27;194;3;197
39500;27;2551;149;2700
39501;27;1200;12;1212
39502;27;281;7;288
39503;27;385;15;400
39504;27;224;9;233
39505;27;61;3;64
39507;27;79;1;80
39508;27;719;10;729
39510;27;800;24;824
39511;27;63;3;66
39512;27;49;1;50
39513;27;236;1;237
39514;27;189;11;200
39517;27;517;20;537
39518;27;70;1;71
39519;27;177;6;183
39520;27;478;5;483
39522;27;103;2;105
39523;27;189;8;197
39525;27;395;7;402
39526;27;3957;97;4054
39527;27;118;1;119
39528;27;384;7;391
39529;27;65;1;66
39530;27;855;24;879
39531;27;185;5;190
39532;27;39;1;40
39533;27;217;6;223
39534;27;245;4;249
39535;27;462;16;478
39537;27;456;12;468
39538;27;59;1;60
39539;27;286;7;293
39540;27;191;11;202
39543;27;216;8;224
39545;27;173;7;180
39546;27;354;13;367
39547;27;682;18;700
39548;27;74;5;79
39550;27;193;5;198
39551;27;116;3;119
39552;27;303;11;314
39553;27;292;10;302
39554;27;230;5;235
39555;27;247;2;249
39556;27;95;3;98
39557;27;187;9;196
39558;27;288;12;300
39559;27;395;4;399
39560;27;615;20;635
39561;27;391;6;397
39565;27;85;1;86
39567;27;301;9;310
39568;27;42;3;45
39569;27;678;10;688
39570;27;215;1;216
39571;27;232;2;234
39572;27;392;7;399
39573;27;775;13;788
39574;27;712;20;732
39575;27;88;0;88
39576;27;928;34;962
39577;27;399;2;401
39579;27;904;42;946
39581;27;282;4;286
39582;27;770;23;793
39583;27;184;6;190
39584;27;163;2;165
39585;27;22;0;22
39586;27;30;0;30
40001;75;6189;555;6744
40002;75;1569;23;1592
40003;75;274;9;283
40004;75;2129;49;2178
40005;75;202;3;205
40006;75;698;7;705
40007;75;166;2;168
40008;75;97;2;99
40011;75;334;3;337
40012;75;259;4;263
40013;75;101;5;106
40014;75;358;4;362
40015;75;48;1;49
40016;75;253;3;256
40017;75;397;1;398
40018;75;384;6;390
40019;75;1068;28;1096
40020;75;620;23;643
40021;75;883;20;903
40022;75;396;14;410
40023;75;350;8;358
40024;75;264;4;268
40025;75;831;31;862
40026;75;359;10;369
40027;75;154;2;156
40028;75;253;9;262
40029;75;313;3;316
40030;75;50;0;50
40031;75;1185;12;1197
40032;75;207;1;208
40033;75;160;5;165
40034;75;604;13;617
40035;75;574;11;585
40036;75;3683;70;3753
40037;75;1832;46;1878
40038;75;105;4;109
40039;75;151;0;151
40040;75;358;2;360
40041;75;128;2;130
40042;75;328;7;335
40043;75;763;13;776
40044;75;919;33;952
40046;75;13947;345;14292
40047;75;268;5;273
40049;75;394;6;400
40050;75;211;2;213
40051;75;820;25;845
40052;75;224;4;228
40053;75;306;4;310
40054;75;263;6;269
40055;75;1612;29;1641
40056;75;780;22;802
40057;75;252;6;258
40058;75;227;11;238
40059;75;763;20;783
40060;75;142;4;146
40061;75;999;26;1025
40062;75;510;7;517
40063;75;812;27;839
40064;75;166;2;168
40065;75;9037;314;9351
40066;75;528;4;532
40067;75;632;5;637
40068;75;585;17;602
40069;75;409;5;414
40070;75;398;17;415
40071;75;601;43;644
40072;75;186;2;188
40073;75;115;2;117
40074;75;556;20;576
40075;75;2463;27;2490
40076;75;443;7;450
40077;75;799;17;816
40078;75;397;8;405
40079;75;137;5;142
40080;75;1115;32;1147
40081;75;411;6;417
40082;75;258;8;266
40083;75;123;7;130
40084;75;754;35;789
40085;75;426;12;438
40086;75;508;9;517
40087;75;361;7;368
40088;75;20843;841;21684
40089;75;855;27;882
40090;75;464;10;474
40091;75;654;19;673
40092;75;229;6;235
40093;75;254;3;257
40094;75;744;11;755
40095;75;701;18;719
40096;75;104;2;106
40097;75;447;10;457
40098;75;355;13;368
40099;75;321;3;324
40100;75;410;2;412
40101;75;480;18;498
40102;75;1289;246;1535
40103;75;627;16;643
40104;75;1405;34;1439
40105;75;437;11;448
40106;75;210;6;216
40108;75;862;14;876
40109;75;431;10;441
40110;75;723;14;737
40111;75;701;16;717
40112;75;101;1;102
40113;75;517;9;526
40114;75;363;13;376
40115;75;289;10;299
40116;75;274;3;277
40117;75;2440;82;2522
40118;75;1466;25;1491
40119;75;4651;113;4764
40120;75;592;17;609
40121;75;277;5;282
40122;75;970;30;1000
40123;75;1150;33;1183
40124;75;141;2;143
40125;75;1352;38;1390
40126;75;1875;42;1917
40127;75;618;4;622
40128;75;694;20;714
40129;75;869;27;896
40130;75;157;0;157
40131;75;691;5;696
40132;75;1420;25;1445
40133;75;6887;115;7002
40134;75;2736;44;2780
40135;75;866;8;874
40136;75;157;4;161
40137;75;283;10;293
40138;75;281;6;287
40139;75;552;15;567
40140;75;189;3;192
40141;75;296;4;300
40142;75;1049;21;1070
40143;75;305;4;309
40144;75;244;9;253
40145;75;615;23;638
40146;75;162;3;165
40147;75;371;3;374
40148;75;83;3;86
40149;75;376;5;381
40150;75;1918;52;1970
40151;75;431;12;443
40152;75;1033;25;1058
40153;75;238;6;244
40154;75;310;6;316
40155;75;1502;39;1541
40156;75;556;5;561
40157;75;1657;39;1696
40158;75;276;3;279
40159;75;310;7;317
40160;75;180;6;186
40161;75;86;1;87
40162;75;581;13;594
40163;75;567;9;576
40164;75;356;1;357
40165;75;386;11;397
40166;75;75;1;76
40167;75;657;10;667
40168;75;2322;35;2357
40169;75;125;3;128
40170;75;235;3;238
40171;75;114;3;117
40172;75;266;4;270
40173;75;139;5;144
40174;75;86;1;87
40175;75;440;6;446
40176;75;89;1;90
40177;75;315;17;332
40178;75;628;28;656
40179;75;1820;47;1867
40180;75;1147;31;1178
40181;75;968;31;999
40182;75;828;11;839
40183;75;978;32;1010
40184;75;7255;165;7420
40185;75;357;8;365
40186;75;810;17;827
40187;75;1185;16;1201
40188;75;468;12;480
40189;75;83;3;86
40190;75;385;11;396
40191;75;620;13;633
40192;75;29807;1413;31220
40193;75;75;2;77
40194;75;1183;30;1213
40195;75;620;13;633
40196;75;574;11;585
40197;75;4987;132;5119
40198;75;173;8;181
40199;75;270;3;273
40200;75;674;10;684
40201;75;1343;103;1446
40202;75;3230;74;3304
40203;75;325;13;338
40204;75;265;4;269
40205;75;247;8;255
40206;75;325;13;338
40207;75;1507;207;1714
40208;75;366;6;372
40209;75;5520;121;5641
40210;75;1025;19;1044
40211;75;742;18;760
40212;75;1002;16;1018
40213;75;635;10;645
40214;75;501;5;506
40215;75;285;8;293
40216;75;201;2;203
40217;75;6684;216;6900
40218;75;505;4;509
40219;75;107;2;109
40220;75;139;6;145
40221;75;338;13;351
40222;75;701;22;723
40223;75;233;8;241
40224;75;3648;180;3828
40225;75;200;6;206
40226;75;205;3;208
40227;75;1449;20;1469
40228;75;1569;27;1596
40229;75;1648;32;1680
40230;75;2868;97;2965
40231;75;1154;31;1185
40232;75;222;10;232
40233;75;3071;81;3152
40234;75;906;28;934
40235;75;691;11;702
40236;75;782;20;802
40237;75;764;6;770
40238;75;622;19;641
40239;75;105;3;108
40240;75;517;19;536
40242;75;104;0;104
40243;75;3023;42;3065
40244;75;1257;29;1286
40245;75;1898;49;1947
40246;75;1165;150;1315
40247;75;179;6;185
40248;75;1889;28;1917
40249;75;501;13;514
40250;75;694;22;716
40251;75;419;14;433
40252;75;636;16;652
40253;75;645;12;657
40254;75;428;11;439
40255;75;474;11;485
40256;75;711;17;728
40257;75;1281;21;1302
40258;75;252;3;255
40259;75;431;13;444
40260;75;420;8;428
40261;75;2752;49;2801
40262;75;312;6;318
40263;75;413;8;421
40264;75;1699;24;1723
40265;75;110;0;110
40266;75;1683;34;1717
40267;75;1001;13;1014
40268;75;685;22;707
40269;75;1229;38;1267
40270;75;442;14;456
40271;75;1200;25;1225
40272;75;1625;39;1664
40273;75;5776;131;5907
40274;75;1383;40;1423
40275;75;606;19;625
40276;75;311;8;319
40277;75;711;49;760
40278;75;970;16;986
40279;75;13381;481;13862
40280;75;1725;32;1757
40281;75;9689;360;10049
40282;75;4890;96;4986
40283;75;3307;225;3532
40284;75;7734;252;7986
40285;75;626;14;640
40286;75;1132;22;1154
40287;75;4431;66;4497
40288;75;1158;22;1180
40289;75;248;1;249
40290;75;108;3;111
40291;75;1734;32;1766
40292;75;1495;72;1567
40293;75;1107;23;1130
40294;75;1560;32;1592
40295;75;1081;18;1099
40296;75;3876;95;3971
40297;75;232;3;235
40298;75;397;14;411
40299;75;192;11;203
40300;75;964;34;998
40301;75;139;2;141
40303;75;328;2;330
40304;75;3480;86;3566
40305;75;196;8;204
40306;75;623;13;636
40307;75;1153;23;1176
40308;75;906;27;933
40309;75;1125;19;1144
40310;75;8235;199;8434
40311;75;628;13;641
40312;75;12634;299;12933
40313;75;3225;45;3270
40314;75;1259;40;1299
40315;75;773;11;784
40316;75;836;19;855
40317;75;3219;79;3298
40318;75;329;6;335
40319;75;242;4;246
40320;75;598;20;618
40321;75;246;9;255
40322;75;201;2;203
40323;75;254;5;259
40324;75;261;10;271
40325;75;271;12;283
40326;75;1420;34;1454
40327;75;224;5;229
40328;75;1614;22;1636
40329;75;484;6;490
40330;75;316;6;322
40331;75;2436;46;2482
40332;75;2304;55;2359
40333;75;1337;26;1363
40334;75;381;13;394
41001;24;191;5;196
41002;24;818;23;841
41003;24;597;213;810
41004;24;265;5;270
41006;24;446;8;454
41007;24;735;13;748
41008;24;737;16;753
41009;24;688;15;703
41010;24;1009;29;1038
41012;24;209;12;221
41013;24;275;5;280
41014;24;162;2;164
41016;24;1033;10;1043
41017;24;659;17;676
41018;24;45898;1520;47418
41019;24;95;2;97
41020;24;459;6;465
41022;24;130;1;131
41024;24;175;7;182
41025;24;1309;18;1327
41026;24;174;4;178
41027;24;145;2;147
41028;24;468;9;477
41029;24;1505;25;1530
41030;24;228;3;231
41031;24;2652;70;2722
41032;24;2674;79;2753
41034;24;92;1;93
41035;24;618;15;633
41036;24;453;7;460
41037;24;208;4;212
41038;24;419;11;430
41039;24;699;20;719
41040;24;799;27;826
41041;24;162;3;165
41042;24;535;4;539
41043;24;1691;32;1723
41044;24;1106;10;1116
41045;24;1077;10;1087
41046;24;1073;15;1088
41047;24;4524;116;4640
41048;24;226;4;230
41049;24;942;13;955
41050;24;923;39;962
41051;24;1080;27;1107
41052;24;1101;34;1135
41053;24;533;5;538
41054;24;337;5;342
41055;24;2393;54;2447
41057;24;170;0;170
41058;24;184;5;189
41059;24;6723;157;6880
41060;24;689;12;701
41061;24;1550;26;1576
41062;24;551;7;558
41063;24;490;8;498
41065;24;566;16;582
41066;24;435;10;445
41067;24;2802;77;2879
41068;24;501;9;510
41069;24;253;6;259
41070;24;519;9;528
41071;24;543;12;555
41072;24;398;17;415
41073;24;681;17;698
41074;24;1227;14;1241
41075;24;1009;8;1017
41077;24;130;6;136
41078;24;824;17;841
41079;24;103;0;103
41080;24;1388;30;1418
41081;24;227;5;232
41083;24;555;4;559
41084;24;969;27;996
41085;24;1055;14;1069
41086;24;640;9;649
41087;24;330;5;335
41088;24;234;6;240
41089;24;202;2;204
41090;24;258;6;264
41091;24;1309;19;1328
41093;24;271;9;280
41094;24;1145;37;1182
41095;24;1069;22;1091
41096;24;342;3;345
41097;24;2376;30;2406
41098;24;174;4;178
41099;24;496;13;509
41100;24;170;8;178
41101;24;1181;36;1217
41102;24;383;3;386
41103;24;416;11;427
41104;24;2337;52;2389
41105;24;862;19;881
41106;24;4667;61;4728
41107;24;472;6;478
41108;24;123;3;126
41109;24;742;21;763
41110;24;824;19;843
41112;24;245;9;254
41113;24;179;8;187
41114;24;288;7;295
41115;24;392;6;398
41116;24;198;3;201
41118;24;200;4;204
41119;24;348;6;354
41120;24;1253;35;1288
41121;24;31;0;31
41122;24;236;2;238
41123;24;673;11;684
41124;24;337;20;357
41125;24;725;15;740
41126;24;1158;21;1179
41127;24;336;6;342
41128;24;715;17;732
41129;24;716;13;729
41130;24;666;12;678
41131;24;833;28;861
41132;24;322;6;328
41134;24;630;22;652
41135;24;875;9;884
41136;24;6171;105;6276
41137;24;571;24;595
41138;24;312;9;321
41139;24;1091;11;1102
41140;24;739;18;757
41141;24;374;2;376
41142;24;2353;93;2446
41143;24;1313;53;1366
41144;24;735;23;758
41145;24;799;21;820
41146;24;959;15;974
41147;24;1920;43;1963
41148;24;1326;35;1361
41149;24;3721;196;3917
41150;24;3311;90;3401
41151;24;3719;50;3769
41152;24;637;13;650
41153;24;153;3;156
41154;24;1083;27;1110
41155;24;1235;30;1265
41156;24;527;14;541
41157;24;1518;17;1535
41158;24;2404;59;2463
41159;24;1242;17;1259
41160;24;322;4;326
41161;24;2323;47;2370
41163;24;117;2;119
41164;24;2721;32;2753
41166;24;377;5;382
41167;24;3452;102;3554
41168;24;235;4;239
41171;24;1734;29;1763
41172;24;225;1;226
41173;24;3488;68;3556
41174;24;178;7;185
41175;24;1116;18;1134
41176;24;754;18;772
41177;24;160;0;160
41178;24;63;2;65
41179;24;186;1;187
41180;24;1523;176;1699
41181;24;800;21;821
41182;24;285;9;294
41184;24;604;7;611
41185;24;2319;55;2374
41186;24;309;5;314
41187;24;175;4;179
41188;24;118;3;121
41189;24;476;6;482
41190;24;216;7;223
41191;24;68;3;71
41192;24;267;3;270
41193;24;133;3;136
41194;24;17924;471;18395
41195;24;152;2;154
41196;24;85;3;88
41198;24;2852;90;2942
41199;24;1204;28;1232
41200;24;471;29;500
41201;24;322;3;325
41203;24;497;10;507
41204;24;1781;41;1822
41205;24;175;2;177
41206;24;863;26;889
41207;24;1133;20;1153
41208;24;115;4;119
41209;24;814;41;855
41211;24;2731;38;2769
41212;24;3174;96;3270
41213;24;104;5;109
41214;24;685;12;697
41215;24;96;2;98
41216;24;560;8;568
41217;24;753;15;768
41218;24;764;12;776
41219;24;310;3;313
41220;24;4337;85;4422
41221;24;646;17;663
41222;24;372;7;379
41223;24;760;10;770
41224;24;180;1;181
41225;24;568;11;579
41226;24;3087;92;3179
41228;24;292;3;295
41229;24;1461;33;1494
41230;24;1840;55;1895
41231;24;1180;30;1210
41232;24;4953;98;5051
41233;24;900;15;915
41234;24;288;9;297
41235;24;1026;22;1048
41236;24;97;3;100
41237;24;1040;19;1059
41238;24;1976;28;2004
41239;24;1017;23;1040
41241;24;1342;29;1371
41242;24;4573;65;4638
41243;24;814;13;827
41245;24;382;4;386
41246;24;482;18;500
41247;24;1620;22;1642
41248;24;1042;23;1065
41249;24;1047;14;1061
41250;24;480;7;487
41251;24;535;8;543
41252;24;1595;37;1632
41253;24;260;5;265
41254;24;186;7;193
41255;24;331;6;337
41256;24;1246;19;1265
41258;24;1157;23;1180
41259;24;843;33;876
41260;24;418;6;424
41261;24;134;3;137
41262;24;1115;16;1131
41265;24;285;10;295
41266;24;84;3;87
41267;24;940;18;958
41268;24;161;4;165
41269;24;15856;642;16498
41271;24;631;6;637
41273;24;457;7;464
41274;24;127;0;127
41275;24;1257;23;1280
41276;24;2463;80;2543
41277;24;125;0;125
41278;24;260;8;268
41279;24;397;5;402
41280;24;2657;66;2723
41281;24;422;9;431
41282;24;442;9;451
41283;24;273;4;277
41284;24;63;2;65
41285;24;484;4;488
41286;24;150;5;155
41287;24;507;12;519
41288;24;810;16;826
41289;24;391;8;399
41290;24;236;0;236
41291;24;321;4;325
41292;24;201;1;202
41293;24;241;5;246
41294;24;1120;58;1178
41295;24;8091;212;8303
41296;24;1466;34;1500
41297;24;760;8;768
42001;84;452;7;459
42002;84;172;2;174
42003;84;1903;47;1950
42005;84;9963;150;10113
42006;84;406;8;414
42007;84;215;5;220
42008;84;109;1;110
42009;84;528;5;533
42010;84;1665;22;1687
42011;84;2840;56;2896
42012;84;674;23;697
42013;84;1993;50;2043
42014;84;314;8;322
42015;84;1477;26;1503
42016;84;424;10;434
42017;84;455;6;461
42018;84;460;11;471
42019;84;3120;72;3192
42020;84;1170;21;1191
42021;84;1252;10;1262
42022;84;4093;58;4151
42023;84;2937;56;2993
42025;84;198;4;202
42026;84;1719;39;1758
42027;84;403;7;410
42028;84;376;9;385
42029;84;1520;48;1568
42030;84;536;3;539
42031;84;306;7;313
42032;84;1704;24;1728
42033;84;622;24;646
42034;84;108;7;115
42035;84;210;9;219
42036;84;496;17;513
42037;84;592;23;615
42038;84;709;14;723
42039;84;454;5;459
42040;84;47;2;49
42041;84;618;5;623
42042;84;1036;20;1056
42043;84;1791;37;1828
42044;84;11948;80;12028
42045;84;39;1;40
42046;84;1935;44;1979
42047;84;327;2;329
42048;84;1479;30;1509
42049;84;654;21;675
42050;84;130;3;133
42051;84;532;14;546
42052;84;3695;94;3789
42053;84;1630;21;1651
42054;84;346;8;354
42055;84;140;8;148
42056;84;2897;50;2947
42058;84;258;6;264
42059;84;5423;99;5522
42060;84;527;6;533
42061;84;569;15;584
42062;84;1164;25;1189
42063;84;399;9;408
42064;84;761;30;791
42065;84;1411;54;1465
42066;84;512;12;524
42067;84;298;3;301
42068;84;426;11;437
42069;84;3005;93;3098
42070;84;916;21;937
42071;84;6880;179;7059
42072;84;65;1;66
42073;84;734;18;752
42074;84;1082;26;1108
42075;84;1363;14;1377
42076;84;907;22;929
42077;84;307;6;313
42078;84;257;11;268
42079;84;711;12;723
42081;84;1544;20;1564
42083;84;532;4;536
42084;84;159;4;163
42085;84;835;18;853
42086;84;523;13;536
42087;84;1224;53;1277
42088;84;748;17;765
42089;84;666;29;695
42090;84;495;12;507
42091;84;683;15;698
42092;84;2643;105;2748
42093;84;1379;20;1399
42094;84;8302;146;8448
42095;84;16901;188;17089
42096;84;681;11;692
42097;84;4666;64;4730
42098;84;582;14;596
42099;84;3733;53;3786
42100;84;278;11;289
42101;84;143;1;144
42102;84;890;22;912
42103;84;5172;41;5213
42104;84;861;20;881
42105;84;254;2;256
42106;84;251;8;259
42107;84;320;9;329
42108;84;1106;13;1119
42109;84;109;1;110
42110;84;4746;42;4788
42112;84;419;8;427
42113;84;233;6;239
42115;84;1224;15;1239
42116;84;247;7;254
42117;84;115;8;123
42118;84;749;20;769
42119;84;366;11;377
42120;84;1777;40;1817
42121;84;156;2;158
42122;84;1715;79;1794
42123;84;4716;31;4747
42124;84;296;7;303
42125;84;141;2;143
42126;84;1284;30;1314
42127;84;7653;118;7771
42128;84;391;8;399
42129;84;1819;68;1887
42130;84;569;10;579
42131;84;332;9;341
42132;84;566;16;582
42133;84;695;19;714
42134;84;1391;47;1438
42135;84;530;27;557
42136;84;765;32;797
42137;84;797;15;812
42138;84;668;12;680
42139;84;1329;66;1395
42140;84;443;8;451
42141;84;570;11;581
42142;84;320;4;324
42143;84;490;5;495
42145;84;1083;19;1102
42146;84;66;3;69
42147;84;15915;623;16538
42148;84;504;9;513
42149;84;5342;79;5421
42150;84;1393;30;1423
42151;84;413;80;493
42152;84;546;315;861
42153;84;481;12;493
42154;84;460;51;511
42155;84;1007;23;1030
42156;84;1372;18;1390
42157;84;794;14;808
42158;84;210;3;213
42159;84;1571;106;1677
42160;84;190;6;196
42161;84;573;19;592
42162;84;1154;19;1173
42163;84;1057;20;1077
42164;84;71;0;71
42165;84;2892;86;2978
42166;84;624;16;640
42167;84;376;10;386
42168;84;3738;100;3838
42169;84;1580;27;1607
42170;84;2110;180;2290
42171;84;288;7;295
42172;84;1059;24;1083
42173;84;359;10;369
42174;84;1150;25;1175
42175;84;1202;35;1237
42176;84;2172;46;2218
42177;84;2532;53;2585
42178;84;833;10;843
42179;84;858;28;886
42180;84;1035;99;1134
42181;84;1512;30;1542
42182;84;3198;106;3304
42183;84;7872;48;7920
42184;84;10848;280;11128
42185;84;698;20;718
42186;84;14978;121;15099
42187;84;33809;738;34547
42188;84;254;4;258
42189;84;9884;92;9976
42191;84;980;33;1013
42192;84;433;7;440
42193;84;1427;39;1466
42194;84;201;2;203
42195;84;972;23;995
42196;84;120;4;124
42197;84;1045;32;1077
42198;84;934;23;957
42199;84;1927;63;1990
42200;84;1527;26;1553
42201;84;689;31;720
42202;84;688;15;703
42203;84;301;12;313
42204;84;1510;47;1557
42205;84;688;15;703
42206;84;1669;41;1710
42207;84;34841;412;35253
42208;84;1903;42;1945
42209;84;396;11;407
42210;84;477;7;484
42211;84;2447;35;2482
42212;84;961;28;989
42213;84;311;12;323
42214;84;1041;29;1070
42215;84;1260;25;1285
42216;84;673;19;692
42217;84;421;7;428
42218;84;173821;1971;175792
42219;84;1025;26;1051
42220;84;621;19;640
42221;84;514;15;529
42222;84;5826;146;5972
42223;84;6123;70;6193
42224;84;2918;144;3062
42225;84;3894;76;3970
42226;84;431;3;434
42227;84;412;10;422
42228;84;1467;26;1493
42229;84;230;6;236
42230;84;1608;31;1639
42231;84;1238;75;1313
42232;84;637;11;648
42233;84;954;24;978
42234;84;3637;55;3692
42235;84;337;5;342
42236;84;529;10;539
42237;84;6615;69;6684
42238;84;320;11;331
42239;84;1153;24;1177
42240;84;859;19;878
42241;84;390;5;395
42242;84;1928;29;1957
42243;84;283;5;288
42245;84;585;6;591
42246;84;1143;18;1161
42247;84;282;8;290
42248;84;1130;38;1168
42249;84;1656;35;1691
42251;84;581;13;594
42252;84;252;2;254
42253;84;1157;40;1197
42254;84;799;17;816
42255;84;283;7;290
42256;84;5001;50;5051
42257;84;836;16;852
42259;84;3815;75;3890
42260;84;890;59;949
42261;84;906;20;926
42262;84;1817;21;1838
42264;84;980;24;1004
42265;84;856;25;881
42266;84;663;13;676
42267;84;1696;47;1743
42268;84;796;9;805
42269;84;174;10;184
42270;84;1357;31;1388
42271;84;4817;59;4876
42272;84;1704;38;1742
42273;84;381;8;389
42274;84;257;8;265
42275;84;6106;95;6201
42276;84;430;6;436
42277;84;341;1;342
42278;84;144;1;145
42279;84;15229;280;15509
42280;84;402;11;413
42281;84;134;2;136
42282;84;239;5;244
42283;84;1218;28;1246
42284;84;1417;59;1476
42285;84;4090;64;4154
42286;84;949;15;964
42287;84;1088;21;1109
42288;84;706;12;718
42289;84;1899;36;1935
42290;84;588;22;610
42293;84;1191;20;1211
42294;84;974;28;1002
42295;84;556;7;563
42296;84;547;16;563
42297;84;595;30;625
42298;84;377;5;382
42299;84;3430;74;3504
42300;84;643;13;656
42301;84;689;8;697
42302;84;7874;167;8041
42303;84;276;6;282
42304;84;6653;270;6923
42305;84;6977;99;7076
42306;84;483;6;489
42307;84;902;32;934
42308;84;776;8;784
42310;84;149;2;151
42311;84;1471;37;1508
42312;84;606;17;623
42313;84;665;8;673
42314;84;291;8;299
42315;84;423;14;437
42316;84;8418;80;8498
42317;84;124;6;130
42318;84;1487;23;1510
42319;84;705;11;716
42320;84;707;10;717
42321;84;102;1;103
42322;84;1075;26;1101
42323;84;8973;105;9078
42324;84;1192;17;1209
42325;84;376;5;381
42326;84;877;28;905
42327;84;664;14;678
42328;84;712;75;787
42329;84;377;5;382
42330;84;7942;159;8101
42331;84;1022;31;1053
42332;84;5030;142;5172
42333;84;589;13;602
42334;84;1250;17;1267
42335;84;442;20;462
42336;84;637;20;657
42337;84;224;5;229
42338;84;1488;61;1549
42339;84;218;5;223
43001;84;178;4;182
43002;84;1473;63;1536
43003;84;874;18;892
43004;84;119;7;126
43005;84;156;3;159
43006;84;129;2;131
43007;84;602;17;619
43008;84;143;6;149
43009;84;23;0;23
43010;84;1193;29;1222
43011;84;178;5;183
43012;84;6142;83;6225
43013;84;306;10;316
43014;84;56;2;58
43015;84;50;0;50
43016;84;898;22;920
43017;84;282;5;287
43018;84;1376;126;1502
43019;84;108;2;110
43020;84;4377;86;4463
43021;84;1040;20;1060
43022;84;276;12;288
43023;84;210;2;212
43024;84;851;13;864
43025;84;2969;67;3036
43026;84;445;12;457
43027;84;45;0;45
43028;84;472;15;487
43029;84;97;1;98
43030;84;401;10;411
43031;84;135;5;140
43032;84;1687;51;1738
43033;84;636;8;644
43034;84;355;1;356
43035;84;68;3;71
43036;84;409;6;415
43037;84;280;7;287
43038;84;998;27;1025
43039;84;609;13;622
43040;84;6609;325;6934
43041;84;4185;224;4409
43042;84;710;17;727
43043;84;470;8;478
43044;84;209;4;213
43045;84;426;13;439
43046;84;2464;68;2532
43047;84;332;8;340
43048;84;616;36;652
43049;84;487;9;496
43050;84;124;0;124
43051;84;2431;40;2471
43052;84;193;2;195
43053;84;205;4;209
43054;84;176;9;185
43055;84;165;4;169
43056;84;428;13;441
43057;84;46;2;48
43058;84;1054;29;1083
43059;84;109;1;110
43060;84;69;4;73
43061;84;868;23;891
43062;84;806;15;821
43063;84;156;2;158
43064;84;64;4;68
43065;84;123;4;127
43066;84;118;4;122
43067;84;268;6;274
43068;84;33;2;35
43069;84;319;7;326
43070;84;171;2;173
43071;84;472;6;478
43072;84;153;5;158
43073;84;134;3;137
43074;84;884;25;909
43075;84;73;3;76
43076;84;137;1;138
43077;84;538;16;554
43078;84;3258;89;3347
43079;84;301;11;312
43080;84;1951;41;1992
43082;84;71;2;73
43083;84;150;4;154
43084;84;1678;35;1713
43085;84;56;5;61
43086;84;179;9;188
43087;84;2668;65;2733
43088;84;322;9;331
43089;84;3497;170;3667
43090;84;127;4;131
43091;84;324;14;338
43092;84;355;7;362
43093;84;325;7;332
43094;84;82;2;84
43095;84;134;4;138
43096;84;902;228;1130
43097;84;105;1;106
43098;84;109;5;114
43099;84;552;6;558
43100;84;174;2;176
43101;84;57;6;63
43102;84;1103;17;1120
43103;84;113;2;115
43104;84;197;6;203
43105;84;178;7;185
43106;84;145;3;148
43107;84;86;0;86
43108;84;439;10;449
43109;84;77;3;80
43110;84;844;14;858
43111;84;878;22;900
43112;84;3489;77;3566
43113;84;1923;54;1977
43114;84;1729;38;1767
43115;84;1009;18;1027
43116;84;63;3;66
43117;84;247;7;254
43118;84;272;4;276
43119;84;832;17;849
43120;84;1325;26;1351
43121;84;216;5;221
43122;84;289;5;294
43123;84;393;16;409
43124;84;931;18;949
43125;84;81;1;82
43126;84;761;15;776
43127;84;846;15;861
43128;84;134;2;136
43129;84;156;7;163
43130;84;1110;29;1139
43131;84;196;2;198
43132;84;1445;42;1487
43133;84;139;1;140
43134;84;150;4;154
43135;84;1768;31;1799
43136;84;211;1;212
43137;84;8875;425;9300
43138;84;412;12;424
43139;84;54;0;54
43140;84;685;24;709
43141;84;1149;24;1173
43142;84;586;10;596
43143;84;128;0;128
43144;84;98;3;101
43145;84;57;0;57
43147;84;638;21;659
43148;84;868;18;886
43149;84;116;4;120
43150;84;468;13;481
43151;84;190;5;195
43152;84;2810;84;2894
43153;84;1902;30;1932
43154;84;546;16;562
43155;84;62;1;63
43156;84;115;6;121
43157;84;19215;881;20096
43158;84;333;12;345
43159;84;940;24;964
43160;84;194;3;197
43162;84;2990;58;3048
43163;84;1179;18;1197
43164;84;486;2;488
43165;84;1531;30;1561
43166;84;375;16;391
43167;84;191;4;195
43168;84;116;1;117
43169;84;50;0;50
43170;84;450;6;456
43171;84;85;3;88
43172;84;213;2;215
43173;84;92;2;94
43174;84;953;13;966
43175;84;164;6;170
43177;84;3451;52;3503
43178;84;194;8;202
43180;84;98;5;103
43181;84;758;20;778
43182;84;53;0;53
43183;84;113;2;115
43184;84;2473;31;2504
43185;84;3200;77;3277
43186;84;402;4;406
43187;84;319;4;323
43188;84;473;8;481
43189;84;518;13;531
43190;84;3666;83;3749
43191;84;249;4;253
43192;84;283;11;294
43193;84;160;1;161
43194;84;716;22;738
43195;84;186;5;191
43196;84;174;2;176
43197;84;351;5;356
43198;84;295;8;303
43199;84;968;26;994
43200;84;1997;43;2040
43201;84;245;8;253
43202;84;71;1;72
43203;84;482;13;495
43204;84;174;1;175
43205;84;4225;60;4285
43206;84;411;16;427
43207;84;246;11;257
43208;84;43;2;45
43210;84;230;7;237
43211;84;2634;72;2706
43212;84;1009;16;1025
43213;84;2293;52;2345
43214;84;110;3;113
43215;84;186;5;191
43216;84;2435;56;2491
43217;84;542;11;553
43218;84;1187;27;1214
43219;84;113;4;117
43220;84;174;4;178
43221;84;397;13;410
43222;84;162;1;163
43223;84;1106;24;1130
43224;84;5989;101;6090
43225;84;52;0;52
43226;84;107;4;111
43227;84;822;16;838
43228;84;90;2;92
43229;84;610;9;619
43230;84;1028;19;1047
43231;84;136;4;140
43232;84;361;5;366
43233;84;1088;41;1129
43234;84;1697;124;1821
43236;84;1480;20;1500
43237;84;227;6;233
43238;84;299;7;306
43239;84;800;15;815
43240;84;263;7;270
43241;84;1272;32;1304
43242;84;72;3;75
43244;84;3074;45;3119
43245;84;222;8;230
43246;84;464;17;481
43247;84;67;1;68
43249;84;520;11;531
43250;84;43;3;46
43251;84;3420;121;3541
43252;84;24;2;26
43253;84;195;9;204
43254;84;267;4;271
43256;84;343;6;349
43257;84;517;7;524
43258;84;1815;50;1865
43259;84;362;11;373
43260;84;23;0;23
43261;84;617;6;623
43262;84;1167;37;1204
43263;84;67;0;67
43264;84;285;15;300
43265;84;1442;46;1488
43267;84;1454;15;1469
43268;84;7278;425;7703
44001;52;2067;40;2107
44002;52;4014;138;4152
44003;52;11037;398;11435
44005;52;6895;106;7001
44006;52;1847;42;1889
44007;52;2458;55;2513
44009;52;9136;241;9377
44010;52;2824;72;2896
44012;52;3049;44;3093
44013;52;3183;41;3224
44014;52;3907;71;3978
44015;52;9954;174;10128
44016;52;1054;18;1072
44018;52;8008;139;8147
44019;52;1019;14;1033
44020;52;19903;305;20208
44021;52;4962;88;5050
44022;52;2682;49;2731
44023;52;3068;45;3113
44024;52;2849;59;2908
44025;52;3959;67;4026
44026;52;20365;466;20831
44027;52;2421;28;2449
44028;52;3974;106;4080
44029;52;6975;122;7097
44030;52;4338;91;4429
44031;52;798;8;806
44032;52;3357;49;3406
44033;52;3145;45;3190
44035;52;19551;406;19957
44036;52;12031;497;12528
44037;52;3164;175;3339
44038;52;2930;46;2976
44039;52;1120;8;1128
44041;52;5782;88;5870
44043;52;7435;241;7676
44044;52;1095;28;1123
44045;52;3754;47;3801
44046;52;2640;55;2695
44047;52;22309;275;22584
44048;52;2548;51;2599
44049;52;4118;56;4174
44050;52;2983;26;3009
44051;52;3505;428;3933
44052;52;8152;94;8246
44053;52;2270;37;2307
44054;52;3043;72;3115
44055;52;16255;542;16797
44056;52;3676;62;3738
44057;52;2349;61;2410
44058;52;472;11;483
44061;52;3216;57;3273
44062;52;1821;41;1862
44063;52;3719;88;3807
44064;52;4851;360;5211
44065;52;769;21;790
44066;52;6439;117;6556
44067;52;5233;82;5315
44068;52;3374;55;3429
44069;52;16112;575;16687
44070;52;4691;111;4802
44071;52;5893;157;6050
44072;52;7046;127;7173
44073;52;6288;114;6402
44074;52;4040;45;4085
44075;52;1807;39;1846
44076;52;1391;21;1412
44077;52;2561;33;2594
44078;52;332;3;335
44079;52;3083;296;3379
44080;52;772;26;798
44081;52;4565;112;4677
44082;52;5302;106;5408
44083;52;2467;30;2497
44084;52;8397;135;8532
44085;52;986;40;1026
44086;52;1055;21;1076
44087;52;7581;236;7817
44088;52;3007;43;3050
44089;52;3531;55;3586
44090;52;1621;17;1638
44091;52;1519;15;1534
44092;52;692;13;705
44094;52;3244;65;3309
44095;52;1547;24;1571
44096;52;4749;80;4829
44097;52;2039;45;2084
44098;52;5398;68;5466
44099;52;1968;60;2028
44100;52;2290;60;2350
44101;52;6290;140;6430
44102;52;3191;55;3246
44103;52;7180;79;7259
44104;52;840;11;851
44105;52;372;7;379
44106;52;1765;21;1786
44107;52;1911;25;1936
44108;52;2865;54;2919
44109;52;318808;5167;323975
44110;52;9082;194;9276
44111;52;2260;25;2285
44112;52;591;11;602
44113;52;4195;89;4284
44114;52;27209;699;27908
44115;52;3872;66;3938
44116;52;3023;111;3134
44117;52;3257;51;3308
44118;52;1409;24;1433
44119;52;1985;27;2012
44120;52;5200;208;5408
44121;52;426;4;430
44122;52;3755;53;3808
44123;52;990;17;1007
44124;52;750;15;765
44125;52;2220;50;2270
44126;52;4379;86;4465
44127;52;2739;32;2771
44128;52;5266;105;5371
44129;52;10901;260;11161
44130;52;6470;87;6557
44131;52;15859;438;16297
44132;52;11141;299;11440
44133;52;2928;44;2972
44134;52;1071;22;1093
44135;52;4015;93;4108
44136;52;1237;27;1264
44137;52;3474;67;3541
44138;52;1159;17;1176
44139;52;1386;10;1396
44140;52;1525;25;1550
44141;52;1290;13;1303
44142;52;1958;34;1992
44143;52;42919;791;43710
44144;52;2358;58;2416
44145;52;3069;38;3107
44146;52;2185;42;2227
44148;52;701;8;709
44149;52;3952;49;4001
44150;52;3954;60;4014
44151;52;6744;179;6923
44152;52;2933;53;2986
44153;52;1763;52;1815
44154;52;14287;318;14605
44155;52;3417;75;3492
44156;52;3022;39;3061
44157;52;1727;22;1749
44158;52;7515;193;7708
44159;52;1236;23;1259
44161;52;3769;69;3838
44162;52;47415;720;48135
44163;52;4764;106;4870
44164;52;2322;45;2367
44165;52;2320;47;2367
44166;52;5987;114;6101
44168;52;4087;63;4150
44169;52;7392;106;7498
44170;52;967;22;989
44171;52;1939;33;1972
44172;52;15319;269;15588
44173;52;2126;47;2173
44174;52;2229;39;2268
44175;52;4817;94;4911
44176;52;3193;54;3247
44178;52;2571;42;2613
44179;52;5118;85;5203
44180;52;6480;125;6605
44182;52;5233;89;5322
44183;52;2716;59;2775
44184;52;71394;1745;73139
44185;52;3245;66;3311
44186;52;6980;132;7112
44187;52;4576;147;4723
44188;52;9076;194;9270
44189;52;2397;34;2431
44190;52;27493;676;28169
44192;52;2631;44;2675
44193;52;1533;26;1559
44194;52;8478;166;8644
44195;52;9064;186;9250
44196;52;1631;25;1656
44197;52;1630;34;1664
44198;52;8765;132;8897
44199;52;2003;56;2059
44200;52;343;7;350
44201;52;7221;202;7423
44202;52;1804;25;1829
44203;52;2028;17;2045
44204;52;10482;179;10661
44205;52;2494;29;2523
44206;52;1867;25;1892
44207;52;1094;10;1104
44208;52;930;11;941
44209;52;9617;246;9863
44210;52;7983;81;8064
44211;52;4734;95;4829
44212;52;9460;179;9639
44213;52;7480;127;7607
44214;52;2051;29;2080
44215;52;25541;599;26140
44216;52;4010;75;4085
44217;52;6175;130;6305
44218;52;682;14;696
44220;52;1615;25;1640
44221;52;1536;19;1555
44222;52;1225;21;1246
44223;52;3677;48;3725
44224;52;1711;21;1732
45001;24;202;5;207
45002;24;383;5;388
45004;24;13233;590;13823
45005;24;258;6;264
45006;24;1092;28;1120
45008;24;1951;30;1981
45009;24;1136;30;1166
45010;24;1104;39;1143
45011;24;208;4;212
45012;24;184;3;187
45013;24;227;8;235
45014;24;500;13;513
45015;24;699;13;712
45016;24;967;28;995
45017;24;339;3;342
45018;24;971;18;989
45019;24;654;27;681
45020;24;987;18;1005
45021;24;313;6;319
45022;24;449;4;453
45023;24;114;2;116
45024;24;2065;39;2104
45025;24;1548;21;1569
45026;24;969;15;984
45027;24;393;8;401
45028;24;7339;186;7525
45029;24;1789;21;1810
45030;24;2021;129;2150
45031;24;1455;88;1543
45032;24;317;8;325
45033;24;373;20;393
45034;24;2094;50;2144
45035;24;1132;23;1155
45036;24;840;29;869
45037;24;505;10;515
45038;24;413;12;425
45039;24;710;16;726
45040;24;1867;26;1893
45041;24;109;3;112
45042;24;1920;46;1966
45043;24;1002;24;1026
45044;24;161;7;168
45045;24;314;12;326
45046;24;1053;18;1071
45047;24;417;13;430
45049;24;1218;31;1249
45050;24;1324;38;1362
45051;24;1741;34;1775
45052;24;97;0;97
45053;24;5213;96;5309
45054;24;546;10;556
45055;24;554;15;569
45056;24;322;6;328
45058;24;176;7;183
45059;24;193;1;194
45060;24;786;18;804
45061;24;2419;53;2472
45062;24;1491;24;1515
45063;24;932;19;951
45064;24;450;10;460
45065;24;240;3;243
45066;24;679;11;690
45067;24;3881;110;3991
45068;24;12688;262;12950
45069;24;952;14;966
45070;24;62;0;62
45072;24;1574;22;1596
45073;24;483;8;491
45074;24;115;2;117
45075;24;10180;218;10398
45076;24;232;7;239
45077;24;626;6;632
45078;24;253;2;255
45079;24;156;0;156
45080;24;350;14;364
45081;24;613;16;629
45082;24;8212;118;8330
45083;24;2118;34;2152
45084;24;445;9;454
45085;24;1874;26;1900
45086;24;278;8;286
45087;24;3108;52;3160
45088;24;293;10;303
45089;24;8652;175;8827
45091;24;319;13;332
45092;24;1463;36;1499
45093;24;2658;39;2697
45094;24;223;2;225
45095;24;2061;41;2102
45096;24;525;8;533
45097;24;1215;13;1228
45098;24;3425;67;3492
45099;24;516;9;525
45100;24;494;21;515
45101;24;274;6;280
45102;24;356;10;366
45103;24;1551;18;1569
45104;24;2815;56;2871
45105;24;75;2;77
45107;24;318;0;318
45108;24;2294;36;2330
45109;24;541;11;552
45110;24;311;2;313
45111;24;451;3;454
45112;24;342;11;353
45113;24;260;5;265
45114;24;236;6;242
45115;24;3907;65;3972
45116;24;956;24;980
45118;24;338;6;344
45119;24;2430;66;2496
45120;24;173;2;175
45121;24;475;9;484
45122;24;1452;37;1489
45123;24;1864;31;1895
45124;24;175;3;178
45125;24;113;3;116
45126;24;2864;39;2903
45127;24;3280;36;3316
45129;24;1358;28;1386
45130;24;1397;34;1431
45131;24;389;10;399
45132;24;353;5;358
45133;24;562;17;579
45134;24;1430;27;1457
45135;24;311;5;316
45136;24;535;5;540
45137;24;726;17;743
45138;24;51;0;51
45139;24;493;17;510
45141;24;157;1;158
45142;24;3754;67;3821
45143;24;33;1;34
45144;24;1142;85;1227
45145;24;3702;81;3783
45146;24;7404;160;7564
45147;24;21010;266;21276
45148;24;1726;13;1739
45149;24;273;2;275
45150;24;181;4;185
45151;24;253;8;261
45152;24;211;4;215
45153;24;728;24;752
45154;24;2057;34;2091
45155;24;13566;408;13974
45156;24;603;17;620
45157;24;414;6;420
45158;24;322;10;332
45159;24;193;3;196
45160;24;704;8;712
45161;24;797;19;816
45162;24;524;14;538
45164;24;645;16;661
45165;24;612;9;621
45166;24;284;8;292
45167;24;1704;29;1733
45168;24;556;4;560
45169;24;9482;236;9718
45170;24;165;2;167
45171;24;548;14;562
45173;24;4676;49;4725
45174;24;265;6;271
45175;24;1440;33;1473
45176;24;430;4;434
45177;24;236;4;240
45178;24;1386;22;1408
45179;24;3103;47;3150
45180;24;82;0;82
45181;24;88;2;90
45182;24;1230;27;1257
45183;24;139;1;140
45184;24;398;6;404
45185;24;299;10;309
45186;24;579;13;592
45187;24;2973;62;3035
45188;24;2492;61;2553
45189;24;250;6;256
45191;24;8073;166;8239
45193;24;2138;47;2185
45194;24;2866;56;2922
45195;24;562;14;576
45196;24;1508;25;1533
45197;24;1692;37;1729
45198;24;300;9;309
45199;24;502;4;506
45200;24;1423;40;1463
45201;24;179;3;182
45202;24;1004;15;1019
45203;24;6540;95;6635
45204;24;815;20;835
45205;24;262;5;267
45206;24;321;4;325
45207;24;405;9;414
45208;24;14976;545;15521
45209;24;305;5;310
45210;24;736;18;754
45212;24;1269;26;1295
45213;24;627;15;642
45214;24;239;4;243
45215;24;242;3;245
45216;24;132;2;134
45217;24;167;5;172
45218;24;115;1;116
45219;24;196;1;197
45220;24;576;17;593
45222;24;1480;38;1518
45223;24;355;7;362
45224;24;4947;77;5024
45225;24;357;13;370
45226;24;1359;27;1386
45227;24;1167;23;1190
45228;24;1195;11;1206
45229;24;2589;38;2627
45230;24;737;5;742
45231;24;132;9;141
45232;24;22386;481;22867
45233;24;402;3;405
45234;24;116269;2363;118632
45235;24;4147;79;4226
45237;24;124;1;125
45238;24;711;12;723
45239;24;413;6;419
45240;24;1312;23;1335
45241;24;547;11;558
45242;24;266;5;271
45243;24;313;6;319
45244;24;2641;82;2723
45245;24;1117;20;1137
45246;24;138;1;139
45247;24;3688;66;3754
45248;24;2244;37;2281
45249;24;908;24;932
45250;24;252;2;254
45251;24;316;4;320
45252;24;9023;144;9167
45253;24;1769;41;1810
45254;24;2396;62;2458
45255;24;442;9;451
45256;24;244;6;250
45257;24;501;7;508
45258;24;3424;58;3482
45259;24;1133;22;1155
45260;24;250;7;257
45261;24;1311;16;1327
45262;24;140;2;142
45263;24;300;8;308
45264;24;185;5;190
45265;24;410;5;415
45266;24;204;1;205
45268;24;611;8;619
45269;24;3561;71;3632
45270;24;2004;51;2055
45271;24;968;23;991
45272;24;3295;76;3371
45273;24;3021;40;3061
45274;24;7589;191;7780
45275;24;451;4;455
45276;24;508;5;513
45277;24;453;12;465
45278;24;1065;68;1133
45279;24;1904;18;1922
45280;24;1096;19;1115
45281;24;953;17;970
45282;24;3071;85;3156
45283;24;164;6;170
45284;24;21288;592;21880
45285;24;16411;267;16678
45286;24;9070;233;9303
45288;24;395;10;405
45289;24;1202;18;1220
45290;24;1761;27;1788
45291;24;1235;47;1282
45292;24;856;12;868
45293;24;1155;25;1180
45294;24;135;1;136
45296;24;752;15;767
45297;24;1031;16;1047
45298;24;6076;102;6178
45299;24;267;1;268
45300;24;4114;100;4214
45301;24;405;3;408
45302;24;16357;206;16563
45303;24;632;13;645
45305;24;212;1;213
45306;24;788;14;802
45307;24;1099;24;1123
45308;24;3224;77;3301
45309;24;713;6;719
45310;24;1684;25;1709
45311;24;665;17;682
45312;24;475;8;483
45313;24;814;13;827
45314;24;450;9;459
45315;24;5213;66;5279
45316;24;790;23;813
45317;24;1357;37;1394
45320;24;413;11;424
45321;24;712;19;731
45322;24;185;4;189
45323;24;222;4;226
45324;24;2333;51;2384
45325;24;288;4;292
45326;24;392;9;401
45327;24;3448;83;3531
45328;24;295;5;300
45329;24;1288;25;1313
45330;24;217;4;221
45331;24;614;9;623
45332;24;1494;26;1520
45333;24;1953;39;1992
45334;24;632;8;640
45335;24;1939;44;1983
45336;24;868;13;881
45337;24;286;8;294
45338;24;6782;367;7149
45339;24;484;8;492
45340;24;575;6;581
45341;24;200;6;206
45342;24;394;3;397
45343;24;208;6;214
45344;24;1100;21;1121
45345;24;1128;34;1162
45346;24;2243;40;2283
45347;24;815;16;831
45348;24;698;17;715
46001;76;521;14;535
46002;76;64;2;66
46003;76;691;24;715
46004;76;221;6;227
46005;76;333;9;342
46006;76;383;4;387
46007;76;983;23;1006
46008;76;210;3;213
46009;76;633;18;651
46010;76;370;10;380
46011;76;356;9;365
46012;76;553;12;565
46013;76;174;2;176
46015;76;1467;38;1505
46016;76;386;15;401
46017;76;141;4;145
46018;76;137;3;140
46020;76;232;12;244
46021;76;705;26;731
46022;76;209;1;210
46023;76;517;6;523
46024;76;404;12;416
46026;76;115;3;118
46027;76;118;2;120
46028;76;1064;29;1093
46029;76;2044;57;2101
46030;76;340;13;353
46031;76;131;3;134
46032;76;403;5;408
46033;76;577;8;585
46034;76;314;9;323
46035;76;182;8;190
46036;76;126;2;128
46037;76;92;1;93
46038;76;1368;29;1397
46039;76;221;5;226
46040;76;225;8;233
46041;76;157;8;165
46042;76;19937;940;20877
46043;76;206;1;207
46044;76;597;22;619
46045;76;1119;32;1151
46046;76;457;10;467
46047;76;169;6;175
46049;76;202;3;205
46050;76;141;4;145
46051;76;388;11;399
46052;76;257;5;262
46053;76;424;13;437
46054;76;386;2;388
46055;76;1112;25;1137
46056;76;106;5;111
46057;76;616;13;629
46058;76;413;15;428
46059;76;223;10;233
46060;76;228;1;229
46061;76;178;4;182
46062;76;434;8;442
46063;76;1833;38;1871
46064;76;896;7;903
46065;76;436;14;450
46066;76;637;5;642
46068;76;170;3;173
46069;76;165;2;167
46070;76;587;14;601
46072;76;305;6;311
46073;76;420;17;437
46074;76;410;8;418
46075;76;237;5;242
46076;76;344;9;353
46078;76;97;2;99
46079;76;102;2;104
46080;76;778;14;792
46081;76;73;3;76
46082;76;360;9;369
46083;76;1118;23;1141
46084;76;314;8;322
46085;76;235;6;241
46086;76;632;13;645
46087;76;657;17;674
46088;76;822;22;844
46089;76;955;7;962
46090;76;148;2;150
46091;76;210;4;214
46092;76;221;3;224
46093;76;88;2;90
46094;76;268;5;273
46095;76;1041;25;1066
46096;76;96;2;98
46097;76;108;6;114
46098;76;300;7;307
46100;76;684;28;712
46101;76;461;7;468
46102;76;9802;670;10472
46103;76;1003;26;1029
46104;76;94;6;100
46105;76;780;17;797
46106;76;241;8;249
46107;76;170;5;175
46108;76;409;19;428
46109;76;501;9;510
46111;76;167;4;171
46112;76;240;5;245
46113;76;305;6;311
46114;76;361;7;368
46115;76;163;7;170
46116;76;70;6;76
46117;76;670;43;713
46118;76;675;15;690
46119;76;292;0;292
46120;76;336;4;340
46121;76;146;3;149
46122;76;104;4;108
46123;76;365;7;372
46124;76;301;12;313
46125;76;327;10;337
46126;76;221;4;225
46127;76;3981;127;4108
46128;76;3469;58;3527
46129;76;287;11;298
46130;76;222;5;227
46131;76;169;5;174
46132;76;519;21;540
46133;76;265;3;268
46134;76;274;6;280
46135;76;50;1;51
46136;76;270;7;277
46137;76;1244;22;1266
46138;76;918;20;938
46139;76;201;7;208
46140;76;363;15;378
46142;76;169;2;171
46143;76;1277;36;1313
46144;76;255;13;268
46145;76;793;13;806
46146;76;94;1;95
46147;76;126;0;126
46148;76;1785;46;1831
46149;76;695;21;716
46151;76;117;3;120
46152;76;301;4;305
46153;76;580;16;596
46154;76;350;13;363
46155;76;138;1;139
46156;76;1226;24;1250
46157;76;134;5;139
46159;76;223;12;235
46160;76;424;15;439
46161;76;248;6;254
46162;76;201;6;207
46163;76;288;4;292
46164;76;251;11;262
46165;76;462;11;473
46167;76;106;0;106
46168;76;187;1;188
46169;76;206;7;213
46170;76;927;23;950
46171;76;227;3;230
46172;76;500;16;516
46173;76;738;17;755
46174;76;233;8;241
46175;76;917;33;950
46176;76;699;13;712
46177;76;512;20;532
46178;76;261;1;262
46179;76;127;5;132
46180;76;593;25;618
46181;76;96;4;100
46182;76;1789;26;1815
46183;76;203;2;205
46184;76;350;12;362
46185;76;1625;41;1666
46186;76;362;7;369
46187;76;524;10;534
46188;76;300;10;310
46189;76;498;16;514
46190;76;129;3;132
46191;76;1140;20;1160
46192;76;269;8;277
46193;76;457;11;468
46194;76;182;3;185
46195;76;357;9;366
46196;76;99;1;100
46197;76;1062;125;1187
46198;76;110;1;111
46199;76;348;6;354
46200;76;267;5;272
46201;76;1772;48;1820
46202;76;549;5;554
46203;76;212;6;218
46204;76;600;9;609
46205;76;325;2;327
46206;76;120;6;126
46207;76;301;5;306
46208;76;287;11;298
46209;76;163;8;171
46210;76;68;1;69
46211;76;353;2;355
46212;76;70;3;73
46213;76;154;10;164
46214;76;385;9;394
46215;76;618;17;635
46216;76;658;29;687
46217;76;437;11;448
46218;76;187;3;190
46219;76;346;13;359
46220;76;788;25;813
46221;76;533;9;542
46222;76;192;3;195
46223;76;175;1;176
46224;76;3562;102;3664
46225;76;2384;76;2460
46226;76;230;7;237
46227;76;222;4;226
46228;76;718;15;733
46229;76;1015;18;1033
46230;76;86;4;90
46231;76;1940;29;1969
46232;76;1006;24;1030
46233;76;109;1;110
46234;76;100;2;102
46235;76;172;4;176
46236;76;143;0;143
46237;76;372;10;382
46238;76;279;9;288
46239;76;212;5;217
46240;76;623;20;643
46241;76;190;4;194
46242;76;179;5;184
46243;76;191;1;192
46244;76;94;1;95
46245;76;77;1;78
46246;76;74;1;75
46247;76;154;5;159
46249;76;120;5;125
46250;76;81;2;83
46251;76;3414;160;3574
46252;76;312;8;320
46253;76;181;2;183
46254;76;139;5;144
46255;76;334;13;347
46256;76;200;2;202
46257;76;122;3;125
46258;76;163;1;164
46259;76;141;2;143
46260;76;221;9;230
46262;76;633;14;647
46263;76;696;17;713
46264;76;200;7;207
46265;76;331;7;338
46266;76;538;8;546
46267;76;569;12;581
46268;76;893;20;913
46269;76;61;2;63
46270;76;242;3;245
46271;76;404;17;421
46272;76;271;4;275
46273;76;846;25;871
46276;76;185;5;190
46277;76;205;4;209
46279;76;210;3;213
46280;76;178;5;183
46281;76;200;7;207
46282;76;94;0;94
46283;76;316;8;324
46284;76;405;8;413
46286;76;176;5;181
46288;76;213;10;223
46289;76;159;0;159
46290;76;341;8;349
46292;76;186;6;192
46293;76;483;12;495
46294;76;146;3;149
46295;76;212;4;216
46296;76;437;16;453
46297;76;1207;25;1232
46299;76;120;4;124
46301;76;520;5;525
46302;76;135;2;137
46303;76;128;3;131
46304;76;137;1;138
46305;76;306;2;308
46306;76;86;3;89
46307;76;640;6;646
46308;76;102;1;103
46309;76;3201;318;3519
46310;76;126;2;128
46311;76;1331;20;1351
46312;76;273;2;275
46313;76;442;9;451
46314;76;174;40;214
46315;76;167;3;170
46316;76;290;5;295
46317;76;481;13;494
46318;76;232;12;244
46319;76;168;5;173
46320;76;317;15;332
46321;76;370;8;378
46322;76;809;31;840
46323;76;99;2;101
46324;76;214;4;218
46328;76;335;12;347
46329;76;326;2;328
46330;76;1303;25;1328
46332;76;334;5;339
46333;76;179;4;183
46334;76;1565;57;1622
46335;76;395;16;411
46336;76;349;31;380
46337;76;259;7;266
46338;76;77;1;78
46339;76;369;8;377
46340;76;365;12;377
47001;75;32602;862;33464
47002;75;105;4;109
47003;75;421;9;430
47004;75;4421;141;4562
47005;75;487;5;492
47006;75;593;13;606
47007;75;164;6;170
47008;75;110;4;114
47009;75;229;8;237
47010;75;224;3;227
47011;75;199;7;206
47012;75;311;2;313
47013;75;324;11;335
47014;75;202;7;209
47015;75;2031;39;2070
47016;75;1154;25;1179
47017;75;415;9;424
47018;75;173;6;179
47019;75;989;21;1010
47020;75;184;8;192
47021;75;1511;81;1592
47022;75;538;9;547
47023;75;354;5;359
47024;75;1632;41;1673
47025;75;550;6;556
47026;75;231;8;239
47027;75;2997;45;3042
47028;75;850;18;868
47029;75;495;13;508
47030;75;209;6;215
47031;75;5631;94;5725
47032;75;6224;148;6372
47033;75;412;3;415
47034;75;633;13;646
47035;75;328;80;408
47036;75;375;6;381
47037;75;253;4;257
47038;75;613;24;637
47039;75;36;0;36
47040;75;2090;46;2136
47041;75;747;15;762
47042;75;184;6;190
47043;75;1260;14;1274
47044;75;309;3;312
47045;75;472;5;477
47046;75;613;12;625
47047;75;183;5;188
47048;75;1339;19;1358
47049;75;2433;48;2481
47050;75;129;2;131
47051;75;2393;48;2441
47052;75;4518;56;4574
47053;75;375;7;382
47054;75;1796;23;1819
47055;75;516;7;523
47056;75;894;32;926
47057;75;1370;20;1390
47058;75;257;1;258
47059;75;261;4;265
47060;75;1109;19;1128
47061;75;774;7;781
47062;75;417;4;421
47063;75;162;2;164
47064;75;238;7;245
47065;75;2594;198;2792
47066;75;911;12;923
47067;75;393;8;401
47068;75;1087;23;1110
47069;75;3113;49;3162
47070;75;850;23;873
47071;75;242;3;245
47072;75;108;3;111
47073;75;198;5;203
47074;75;360;6;366
47075;75;1078;23;1101
47076;75;281;5;286
47077;75;851;18;869
47078;75;1357;46;1403
47079;75;517;18;535
47080;75;133;3;136
47081;75;716;15;731
47082;75;216;1;217
47083;75;104;1;105
47084;75;270;6;276
47085;75;297;3;300
47086;75;1219;20;1239
47087;75;163;9;172
47088;75;614;9;623
47089;75;150;2;152
47090;75;366;8;374
47091;75;2189;41;2230
47092;75;392;6;398
47093;75;347;9;356
47094;75;810;15;825
47095;75;863;19;882
47096;75;205;5;210
47097;75;1010;21;1031
47098;75;356;9;365
47099;75;622;16;638
47100;75;5449;219;5668
47101;75;1330;28;1358
47102;75;737;11;748
47103;75;230;4;234
47104;75;253;4;257
47105;75;282;5;287
47106;75;4755;99;4854
47107;75;308;6;314
47108;75;246;7;253
47109;75;291;5;296
47110;75;1651;28;1679
47111;75;589;17;606
47112;75;422;13;435
47113;75;141;3;144
47114;75;396;1;397
47115;75;254;7;261
47117;75;1014;16;1030
47118;75;186;1;187
47119;75;556;8;564
47120;75;102;3;105
47121;75;302;0;302
47122;75;186;2;188
47123;75;418;5;423
47124;75;212;6;218
47125;75;314;7;321
47126;75;95;1;96
47127;75;822;12;834
47128;75;1116;29;1145
47129;75;278;6;284
47130;75;327;5;332
47131;75;699;15;714
47132;75;224;4;228
47133;75;601;8;609
47134;75;366;9;375
47135;75;383;8;391
47136;75;136;2;138
47137;75;1344;32;1376
47138;75;1638;24;1662
47139;75;88;1;89
47140;75;687;15;702
47141;75;283;6;289
47142;75;763;6;769
47143;75;2263;59;2322
47144;75;574;20;594
47145;75;3686;56;3742
47146;75;1410;29;1439
47147;75;684;11;695
47148;75;204;1;205
47150;75;367;6;373
47151;75;423;3;426
47152;75;403;10;413
47154;75;372;4;376
47155;75;651;16;667
47156;75;856;8;864
47157;75;17421;587;18008
47158;75;174;3;177
47159;75;1483;34;1517
47160;75;183;2;185
47161;75;116;1;117
47162;75;217;5;222
47163;75;607;8;615
47164;75;112;3;115
47165;75;1330;59;1389
47167;75;1469;26;1495
47168;75;3092;102;3194
47169;75;1177;54;1231
47170;75;615;23;638
47171;75;437;8;445
47172;75;594;18;612
47173;75;882;11;893
47174;75;736;17;753
47175;75;2329;54;2383
47176;75;174;12;186
47177;75;191;4;195
47178;75;402;8;410
47179;75;2033;28;2061
47180;75;631;14;645
47181;75;271;3;274
47182;75;246;1;247
47183;75;166;6;172
47184;75;260;4;264
47185;75;2652;68;2720
47186;75;773;12;785
47187;75;328;2;330
47188;75;291;4;295
47189;75;148;0;148
47190;75;549;45;594
47191;75;846;9;855
47192;75;78;1;79
47193;75;199;4;203
47194;75;321;5;326
47195;75;6837;507;7344
47196;75;215;3;218
47197;75;254;2;256
47198;75;335;6;341
47199;75;316;5;321
47200;75;114;1;115
47201;75;9400;170;9570
47202;75;309;7;316
47203;75;2341;50;2391
47204;75;283;3;286
47205;75;201;8;209
47206;75;564;5;569
47207;75;205;5;210
47208;75;199;6;205
47209;75;4141;118;4259
47210;75;1846;30;1876
47211;75;223;7;230
47212;75;289;6;295
47213;75;995;27;1022
47214;75;681;13;694
47215;75;3675;138;3813
47216;75;679;13;692
47217;75;919;15;934
47218;75;240;4;244
47219;75;180;2;182
47220;75;298;5;303
47221;75;606;18;624
47222;75;486;9;495
47223;75;203;7;210
47224;75;161;6;167
47225;75;2048;39;2087
47226;75;528;9;537
47227;75;177;2;179
47228;75;717;10;727
47229;75;223;5;228
47230;75;395;9;404
47231;75;175;2;177
47232;75;520;3;523
47233;75;3160;98;3258
47234;75;663;20;683
47235;75;471;4;475
47236;75;106;1;107
47237;75;502;11;513
47238;75;1586;53;1639
47239;75;850;13;863
47240;75;279;10;289
47241;75;678;18;696
47242;75;518;13;531
47244;75;387;5;392
47245;75;93;2;95
47246;75;1491;39;1530
47247;75;248;10;258
47248;75;571;7;578
47249;75;523;4;527
47250;75;123;4;127
47251;75;320;5;325
47252;75;6456;175;6631
47253;75;645;5;650
47254;75;308;8;316
47255;75;174;3;177
47256;75;102;4;106
47257;75;613;8;621
47258;75;312;10;322
47259;75;103;4;107
47260;75;415;5;420
47262;75;423;4;427
47263;75;608;15;623
47264;75;1105;19;1124
47265;75;377;8;385
47266;75;198;2;200
47267;75;295;2;297
47269;75;844;19;863
47271;75;358;3;361
47272;75;194;7;201
47273;75;187;6;193
47274;75;396;6;402
47275;75;201;1;202
47276;75;299;7;306
47277;75;337;1;338
47278;75;475;9;484
47279;75;353;6;359
47280;75;2324;53;2377
47281;75;249;1;250
47282;75;233;7;240
47283;75;1163;30;1193
47284;75;293;7;300
47285;75;895;17;912
47286;75;106;0;106
47287;75;266;3;269
47288;75;524;14;538
47289;75;524;11;535
47290;75;549;6;555
47291;75;630;16;646
47292;75;576;6;582
47293;75;387;18;405
47294;75;219;1;220
47295;75;304;6;310
47296;75;155;2;157
47297;75;141;3;144
47298;75;213;3;216
47299;75;172;5;177
47300;75;1172;20;1192
47301;75;1062;11;1073
47302;75;651;7;658
47303;75;226;9;235
47304;75;61;2;63
47305;75;386;6;392
47306;75;1048;19;1067
47307;75;200;5;205
47308;75;222;3;225
47309;75;456;4;460
47310;75;9130;225;9355
47311;75;133;8;141
47312;75;761;13;774
47313;75;138;1;139
47314;75;395;10;405
47315;75;896;26;922
47316;75;671;8;679
47317;75;569;5;574
47318;75;995;15;1010
47319;75;107;3;110
47320;75;389;1;390
47321;75;315;5;320
47323;75;21742;683;22425
47324;75;1283;32;1315
47325;75;459;6;465
47326;75;1677;34;1711
47327;75;398;11;409
47328;75;550;19;569
48001;76;176;4;180
48002;76;561;21;582
48003;76;253;5;258
48004;76;213;10;223
48005;76;330;8;338
48007;76;50;0;50
48008;76;193;9;202
48009;76;2291;82;2373
48010;76;372;6;378
48012;76;354;12;366
48013;76;984;41;1025
48015;76;178;12;190
48016;76;558;18;576
48017;76;1067;36;1103
48018;76;769;18;787
48019;76;203;9;212
48020;76;65;0;65
48021;76;154;3;157
48025;76;426;25;451
48026;76;265;1;266
48027;76;1039;49;1088
48028;76;144;10;154
48029;76;148;0;148
48030;76;387;8;395
48031;76;76;3;79
48032;76;222;6;228
48034;76;2122;98;2220
48036;76;127;2;129
48037;76;120;2;122
48038;76;543;7;550
48039;76;1467;33;1500
48041;76;77;0;77
48042;76;900;35;935
48043;76;527;8;535
48044;76;86;2;88
48045;76;292;11;303
48046;76;67;2;69
48048;76;63;3;66
48050;76;451;15;466
48051;76;691;50;741
48053;76;189;8;197
48054;76;50;5;55
48055;76;183;4;187
48056;76;405;10;415
48058;76;155;5;160
48059;76;307;5;312
48061;76;2067;43;2110
48063;76;226;3;229
48064;76;369;9;378
48065;76;80;0;80
48067;76;100;2;102
48068;76;158;6;164
48069;76;53;0;53
48070;76;751;15;766
48071;76;66;1;67
48072;76;233;6;239
48073;76;95;4;99
48074;76;231;11;242
48075;76;897;27;924
48077;76;47;2;49
48079;76;114;3;117
48080;76;2887;193;3080
48081;76;316;10;326
48082;76;99;3;102
48083;76;152;4;156
48085;76;94;4;98
48086;76;209;5;214
48087;76;265;10;275
48088;76;136;5;141
48089;76;493;11;504
48090;76;728;14;742
48091;76;50;3;53
48092;76;4684;244;4928
48094;76;960;27;987
48095;76;12318;829;13147
48096;76;807;119;926
48097;76;216;9;225
48098;76;96;4;100
48099;76;2092;48;2140
48100;76;117;3;120
48103;76;1193;71;1264
48104;76;557;32;589
48105;76;369;18;387
48106;76;96;7;103
48107;76;179;7;186
48108;76;76;2;78
48110;76;101;5;106
48111;76;237;8;245
48112;76;164;5;169
48115;76;159;7;166
48116;76;562;24;586
48117;76;121;2;123
48119;76;250;13;263
48121;76;239;10;249
48123;76;172;6;178
48124;76;104;0;104
48126;76;358;12;370
48127;76;1291;21;1312
48128;76;593;21;614
48129;76;229;6;235
48130;76;124;1;125
48131;76;133;7;140
48132;76;1379;33;1412
48135;76;182;0;182
48136;76;150;2;152
48137;76;624;25;649
48138;76;67;2;69
48139;76;251;2;253
48140;76;4211;589;4800
48141;76;107;6;113
48144;76;269;9;278
48145;76;156;7;163
48146;76;909;33;942
48147;76;643;51;694
48148;76;505;27;532
48149;76;36;2;38
48150;76;188;14;202
48151;76;63;3;66
48152;76;267;5;272
48153;76;88;5;93
48155;76;465;6;471
48156;76;870;23;893
48157;76;107;4;111
48158;76;104;4;108
48160;76;156;7;163
48161;76;69;2;71
48163;76;114;3;117
48165;76;186;10;196
48166;76;289;11;300
48167;76;37;1;38
48168;76;190;5;195
48169;76;210;11;221
48170;76;198;5;203
48171;76;191;2;193
48173;76;230;3;233
48174;76;139;3;142
48175;76;176;10;186
48176;76;90;4;94
48177;76;322;9;331
48178;76;222;6;228
48179;76;113;2;115
48181;76;63;4;67
48182;76;58;2;60
48185;76;165;5;170
48187;76;101;1;102
48188;76;244;5;249
48190;76;215;8;223
48191;76;94;3;97
48192;76;92;2;94
48193;76;214;1;215
48194;76;424;48;472
48198;76;548;12;560
49002;52;2975;53;3028
49003;52;1752;37;1789
49007;52;155850;3080;158930
49008;52;931;25;956
49009;52;460;4;464
49010;52;319;5;324
49011;52;428;18;446
49012;52;368;11;379
49015;52;14443;357;14800
49017;52;604;6;610
49018;52;11829;261;12090
49020;52;5439;107;5546
49021;52;7229;154;7383
49022;52;1368;29;1397
49023;52;23419;716;24135
49026;52;2789;90;2879
49027;52;2107;42;2149
49028;52;125;6;131
49029;52;1293;28;1321
49030;52;975;32;1007
49035;52;6774;141;6915
49036;52;751;20;771
49038;52;240;5;245
49041;52;2039;35;2074
49045;52;600;14;614
49048;52;3084;41;3125
49050;52;10851;274;11125
49053;52;350;4;354
49054;52;2824;62;2886
49055;52;2317;35;2352
49056;52;263;6;269
49057;52;337;6;343
49058;52;877;9;886
49060;52;3482;80;3562
49061;52;797;19;816
49063;52;6518;175;6693
49064;52;397;12;409
49067;52;342;8;350
49068;52;1864;31;1895
49069;52;16429;277;16706
49070;52;694;10;704
49076;52;763;7;770
49080;52;8759;185;8944
49082;52;941;17;958
49086;52;3994;84;4078
49089;52;1053;28;1081
49090;52;974;12;986
49092;52;20828;604;21432
49099;52;54037;1942;55979
49100;52;469;17;486
49102;52;337;5;342
49107;52;467;16;483
49109;52;1580;30;1610
49110;52;1886;32;1918
49112;52;947;28;975
49113;52;519;9;528
49114;52;145;4;149
49120;52;1384;23;1407
49121;52;480;9;489
49123;52;1732;55;1787
49125;52;11119;257;11376
49127;52;3358;75;3433
49129;52;4394;58;4452
49130;52;667;7;674
49131;52;734;7;741
49132;52;1547;17;1564
49135;52;2192;38;2230
49138;52;2601;58;2659
49140;52;1528;25;1553
49155;52;1432;40;1472
49160;52;2665;58;2723
49161;52;334;6;340
49163;52;2752;28;2780
49167;52;4567;111;4678
49170;52;807;12;819
49171;52;123;0;123
49174;52;1315;21;1336
49176;52;5023;76;5099
49178;52;876;21;897
49180;52;6831;121;6952
49182;52;880;16;896
49183;52;4903;84;4987
49188;52;837;15;852
49192;52;3203;78;3281
49193;52;3820;90;3910
49194;52;5925;105;6030
49195;52;1256;29;1285
49200;52;6306;171;6477
49201;52;2049;35;2084
49205;52;973;11;984
49209;52;440;3;443
49211;52;1215;30;1245
49214;52;7632;150;7782
49215;52;3726;250;3976
49216;52;590;6;596
49217;52;775;10;785
49218;52;15668;317;15985
49219;52;431;6;437
49220;52;3666;56;3722
49221;52;820;23;843
49222;52;2013;45;2058
49223;52;5660;101;5761
49224;52;991;10;1001
49228;52;5546;167;5713
49231;52;1454;37;1491
49235;52;424;15;439
49236;52;125;5;130
49237;52;132;2;134
49240;52;997;31;1028
49241;52;2552;60;2612
49244;52;17924;475;18399
49246;52;12819;541;13360
49247;52;2447;42;2489
49248;52;8970;251;9221
49253;52;1186;21;1207
49257;52;1028;16;1044
49259;52;2323;59;2382
49260;52;1947;86;2033
49261;52;8570;169;8739
49262;52;652;9;661
49266;52;1227;29;1256
49267;52;9210;228;9438
49269;52;2794;60;2854
49271;52;2098;28;2126
49272;52;1086;20;1106
49278;52;3456;254;3710
49283;52;3665;39;3704
49284;52;1406;23;1429
49288;52;226;6;232
49291;52;376;5;381
49292;52;3411;48;3459
49294;52;2924;30;2954
49298;52;3694;63;3757
49299;52;3018;70;3088
49301;52;25162;553;25715
49302;52;451;5;456
49306;52;1661;36;1697
49307;52;15902;575;16477
49308;52;2127;54;2181
49310;52;597;19;616
49311;52;1323;28;1351
49321;52;387;8;395
49323;52;7520;297;7817
49326;52;812;19;831
49328;52;26467;982;27449
49329;52;1336;50;1386
49330;52;1180;18;1198
49331;52;17462;833;18295
49332;52;4192;112;4304
49333;52;2912;60;2972
49334;52;332;5;337
49336;52;883;16;899
49338;52;1428;28;1456
49339;52;1492;39;1531
49341;52;748;23;771
49343;52;3189;73;3262
49344;52;1235;25;1260
49345;52;5751;115;5866
49347;52;4432;73;4505
49352;52;1322;33;1355
49353;52;14961;168;15129
49355;52;3088;53;3141
49358;52;571;14;585
49359;52;577;15;592
49361;52;1829;37;1866
49362;52;1218;50;1268
49364;52;1131;22;1153
49367;52;5739;84;5823
49368;52;1993;39;2032
49369;52;1270;21;1291
49370;52;480;7;487
49371;52;1727;29;1756
49373;52;7789;177;7966
49374;52;1437;32;1469
49377;52;5651;94;5745
49378;52;2537;35;2572
49381;52;1813;30;1843
50002;28;4153;439;4592
50003;28;2796;95;2891
50004;28;549;3;552
50006;28;154;5;159
50008;28;443;18;461
50013;28;386;9;395
50015;28;651;13;664
50016;28;182;2;184
50019;28;419;6;425
50021;28;75;1;76
50022;28;112;3;115
50023;28;676;10;686
50024;28;170;3;173
50025;28;10264;555;10819
50026;28;80;1;81
50027;28;956;27;983
50028;28;101;3;104
50029;28;1175;65;1240
50030;28;559;8;567
50031;28;2239;56;2295
50032;28;1035;40;1075
50033;28;141;4;145
50034;28;544;18;562
50036;28;429;8;437
50038;28;426;11;437
50039;28;126;4;130
50040;28;123;6;129
50041;28;11173;336;11509
50042;28;433;5;438
50044;28;321;2;323
50045;28;608;23;631
50046;28;427;6;433
50048;28;556;9;565
50049;28;660;19;679
50050;28;138;0;138
50052;28;143;2;145
50054;28;191;4;195
50055;28;113;2;115
50058;28;1620;45;1665
50059;28;324;1;325
50060;28;436;8;444
50062;28;116;0;116
50064;28;178;7;185
50066;28;2367;79;2446
50069;28;345;12;357
50070;28;74;5;79
50072;28;212;6;218
50074;28;2139;146;2285
50076;28;3455;87;3542
50077;28;1037;44;1081
50078;28;408;7;415
50079;28;409;9;418
50081;28;771;29;800
50082;28;5826;150;5976
50083;28;600;7;607
50084;28;544;18;562
50085;28;1223;41;1264
50086;28;324;5;329
50087;28;2155;53;2208
50088;28;135;2;137
50090;28;611;10;621
50092;28;704;16;720
50093;28;419;5;424
50094;28;411;9;420
50095;28;1766;57;1823
50096;28;209;8;217
50097;28;121;2;123
50098;28;622;15;637
50099;28;10052;181;10233
50101;28;235;6;241
50102;28;748;16;764
50105;28;97;5;102
50106;28;268;2;270
50108;28;414;12;426
50109;28;1779;39;1818
50110;28;1036;19;1055
50111;28;1004;16;1020
50112;28;465;7;472
50115;28;383;11;394
50117;28;351;12;363
50118;28;328;6;334
50120;28;359;4;363
50121;28;244;4;248
50124;28;165;3;168
50126;28;133;7;140
50129;28;78549;2363;80912
50130;28;427;6;433
50135;28;226;3;229
50137;28;627;14;641
50138;28;550;10;560
50139;28;4044;161;4205
50142;28;1054;13;1067
50143;28;859;34;893
50144;28;540;5;545
50145;28;592;13;605
50146;28;235;2;237
50147;28;8408;1173;9581
50148;28;544;4;548
50149;28;1182;18;1200
50150;28;228;3;231
50151;28;2093;29;2122
50152;28;225;3;228
50155;28;298;13;311
50156;28;66;0;66
50158;28;280;9;289
50159;28;682;15;697
50161;28;599;9;608
50162;28;1598;44;1642
50164;28;1006;26;1032
50165;28;3109;74;3183
50166;28;327;15;342
50167;28;805;21;826
50168;28;2799;61;2860
50169;28;103;1;104
50172;28;350;8;358
50174;28;196;9;205
50175;28;196;8;204
50176;28;346;14;360
50177;28;372;6;378
50178;28;1263;24;1287
50181;28;330;8;338
50182;28;287;8;295
50183;28;346;6;352
50184;28;1766;22;1788
50185;28;1045;24;1069
50186;28;218;8;226
50188;28;1084;26;1110
50190;28;171;3;174
50192;28;130;0;130
50193;28;218;3;221
50194;28;370;8;378
50195;28;254;2;256
50196;28;488;20;508
50197;28;1956;25;1981
50198;28;471;11;482
50199;28;447;4;451
50200;28;807;8;815
50205;28;279;7;286
50207;28;175;2;177
50208;28;157;1;158
50209;28;1511;44;1555
50210;28;342;8;350
50214;28;275;6;281
50215;28;3229;88;3317
50216;28;805;91;896
50217;28;601;11;612
50218;28;12513;674;13187
50219;28;667;12;679
50221;28;59;2;61
50222;28;785;21;806
50225;28;143;1;144
50227;28;310;5;315
50228;28;1105;32;1137
50229;28;87;1;88
50230;28;883;34;917
50231;28;686;23;709
50232;28;473;18;491
50233;28;159;5;164
50234;28;77;0;77
50235;28;271;5;276
50236;28;3971;118;4089
50237;28;1258;25;1283
50238;28;457;6;463
50239;28;1788;45;1833
50240;28;547;8;555
50241;28;181;5;186
50243;28;499;16;515
50246;28;70;1;71
50247;28;188;5;193
50251;28;365;10;375
50252;28;908;16;924
50253;28;170;7;177
50256;28;3221;102;3323
50258;28;112;3;115
50259;28;641;26;667
50260;28;1689;41;1730
50261;28;169;2;171
50262;28;530;6;536
50263;28;364;10;374
50265;28;196;2;198
50266;28;413;10;423
50267;28;2236;55;2291
50268;28;249;5;254
50269;28;206;6;212
50270;28;399;12;411
50271;28;86;1;87
50272;28;1019;19;1038
50273;28;1412;20;1432
50274;28;1012;153;1165
50275;28;125;7;132
50276;28;583;19;602
50277;28;590;15;605
50278;28;283;6;289
50279;28;600;15;615
50281;28;772;19;791
50282;28;298;10;308
50283;28;74;1;75
50285;28;313;4;317
50288;28;1294;29;1323
50289;28;720;12;732
50290;28;324;7;331
50291;28;121;4;125
50292;28;2687;58;2745
50294;28;1305;38;1343
50295;28;143;2;145
50296;28;220;9;229
50297;28;1019;30;1049
50298;28;646;13;659
50299;28;220;7;227
50300;28;164;7;171
50302;28;286;7;293
50304;28;195;7;202
50305;28;733;18;751
50310;28;170;4;174
50311;28;226;8;234
50312;28;134;4;138
50315;28;248;8;256
50317;28;272;3;275
50321;28;499;21;520
50324;28;112;2;114
50326;28;235;1;236
50327;28;186;6;192
50328;28;776;14;790
50332;28;711;15;726
50334;28;276;3;279
50335;28;501;9;510
50336;28;227;3;230
50338;28;299;4;303
50340;28;189;4;193
50341;28;2106;104;2210
50342;28;802;27;829
50345;28;691;20;711
50347;28;234;4;238
50349;28;1374;35;1409
50350;28;519;9;528
50351;28;92;2;94
50352;28;334;7;341
50353;28;29;0;29
50356;28;804;20;824
50357;28;72;1;73
50359;28;2929;265;3194
50360;28;276;12;288
50361;28;241;5;246
50362;28;285;5;290
50363;28;1451;35;1486
50364;28;707;8;715
50365;28;489;10;499
50368;28;68;2;70
50369;28;819;25;844
50370;28;614;4;618
50371;28;407;12;419
50372;28;180;3;183
50373;28;89;4;93
50374;28;27;1;28
50376;28;388;13;401
50378;28;634;9;643
50379;28;159;3;162
50382;28;633;19;652
50384;28;221;3;224
50387;28;360;6;366
50388;28;1147;38;1185
50389;28;443;12;455
50390;28;154;3;157
50391;28;2643;92;2735
50393;28;2600;106;2706
50394;28;2256;31;2287
50395;28;271;4;275
50397;28;210;6;216
50398;28;201;2;203
50399;28;178;4;182
50400;28;3263;37;3300
50401;28;739;13;752
50402;28;3220;88;3308
50403;28;1432;37;1469
50405;28;239;8;247
50407;28;929;37;966
50408;28;569;13;582
50409;28;1924;210;2134
50410;28;4318;78;4396
50411;28;678;15;693
50412;28;2556;68;2624
50413;28;574;6;580
50417;28;1779;30;1809
50419;28;3199;65;3264
50420;28;865;23;888
50421;28;267;6;273
50422;28;193;0;193
50423;28;201;6;207
50425;28;1116;26;1142
50426;28;370;6;376
50428;28;513;4;517
50429;28;741;32;773
50430;28;39;3;42
50431;28;1072;12;1084
50433;28;1002;22;1024
50435;28;597;15;612
50436;28;1278;43;1321
50437;28;799;10;809
50442;28;250;6;256
50443;28;516;10;526
50444;28;2500;57;2557
50445;28;353;13;366
50446;28;544;13;557
50447;28;458;13;471
50448;28;661;17;678
50450;28;333;7;340
50451;28;127;2;129
50452;28;664;22;686
50453;28;785;18;803
50454;28;423;9;432
50455;28;961;20;981
50456;28;548;9;557
50457;28;196;5;201
50461;28;198;9;207
50462;28;369;8;377
50463;28;525;10;535
50464;28;632;5;637
50467;28;494;13;507
50468;28;770;15;785
50469;28;313;7;320
50471;28;284;11;295
50472;28;204;10;214
50473;28;390;7;397
50474;28;545;11;556
50475;28;955;46;1001
50476;28;225;1;226
50478;28;426;7;433
50479;28;110;4;114
50480;28;757;23;780
50481;28;900;18;918
50482;28;162;3;165
50483;28;955;28;983
50484;28;5850;332;6182
50486;28;619;9;628
50487;28;4907;109;5016
50488;28;638;5;643
50489;28;531;14;545
50490;28;354;9;363
50491;28;447;6;453
50492;28;2498;55;2553
50493;28;1443;37;1480
50495;28;75;5;80
50496;28;384;8;392
50498;28;798;26;824
50499;28;481;7;488
50500;28;654;12;666
50502;28;19050;913;19963
50504;28;206;1;207
50505;28;679;35;714
50506;28;482;4;486
50507;28;344;7;351
50509;28;712;18;730
50510;28;602;4;606
50511;28;128;4;132
50512;28;526;9;535
50513;28;176;3;179
50514;28;307;1;308
50517;28;172;5;177
50518;28;327;4;331
50519;28;567;8;575
50521;28;154;4;158
50522;28;255;7;262
50523;28;3076;51;3127
50525;28;328;1;329
50528;28;305;12;317
50529;28;81;2;83
50531;28;767;35;802
50532;28;4078;149;4227
50533;28;178;3;181
50535;28;921;26;947
50536;28;158;0;158
50537;28;414;19;433
50538;28;456;8;464
50539;28;1810;25;1835
50540;28;620;18;638
50541;28;1399;47;1446
50542;28;490;7;497
50543;28;1345;32;1377
50546;28;3247;68;3315
50548;28;121;3;124
50549;28;402;6;408
50550;28;3601;148;3749
50551;28;2088;40;2128
50552;28;331;6;337
50553;28;346;2;348
50554;28;1420;59;1479
50556;28;696;10;706
50562;28;1712;30;1742
50563;28;279;8;287
50564;28;1322;29;1351
50565;28;2815;58;2873
50567;28;880;22;902
50568;28;462;15;477
50569;28;450;8;458
50570;28;426;7;433
50571;28;34;1;35
50572;28;189;7;196
50574;28;271;11;282
50575;28;769;13;782
50576;28;952;31;983
50577;28;311;8;319
50578;28;79;1;80
50579;28;1421;29;1450
50580;28;465;9;474
50582;28;3156;64;3220
50584;28;407;6;413
50585;28;1154;27;1181
50587;28;17;1;18
50588;28;678;22;700
50589;28;289;12;301
50590;28;406;5;411
50591;28;1674;27;1701
50592;28;2277;44;2321
50593;28;588;8;596
50594;28;1041;23;1064
50596;28;338;12;350
50597;28;953;23;976
50598;28;270;3;273
50599;28;1569;44;1613
50601;28;4397;55;4452
50603;28;778;24;802
50604;28;755;13;768
50606;28;520;5;525
50607;28;391;6;397
50609;28;127;3;130
50610;28;209;6;215
50612;28;745;86;831
50613;28;402;9;411
50615;28;6822;266;7088
50616;28;1971;71;2042
50617;28;331;2;333
50618;28;244;11;255
50619;28;326;10;336
50621;28;72;0;72
50624;28;479;24;503
50626;28;377;8;385
50628;28;155;4;159
50629;28;737;4;741
50633;28;119;3;122
50634;28;84;1;85
50637;28;316;3;319
50639;28;3852;67;3919
50641;28;657;15;672
50643;28;783;24;807
50647;28;1135;43;1178
50648;28;1182;31;1213
51001;44;166;1;167
51002;44;1407;23;1430
51003;44;276;5;281
51004;44;117;4;121
51005;44;175;3;178
51006;44;147;4;151
51007;44;957;25;982
51008;44;218;6;224
51009;44;834;11;845
51010;44;139;4;143
51012;44;71;0;71
51013;44;99;5;104
51014;44;298;6;304
51015;44;112;1;113
51016;44;238;4;242
51017;44;325;6;331
51018;44;900;20;920
51019;44;253;8;261
51020;44;53;3;56
51022;44;188;5;193
51023;44;266;6;272
51025;44;1074;10;1084
51027;44;302;21;323
51028;44;1031;12;1043
51029;44;1754;160;1914
51030;44;5309;86;5395
51031;44;266;10;276
51032;44;427;5;432
51033;44;251;3;254
51034;44;20;0;20
51035;44;253;3;256
51036;44;507;7;514
51037;44;338;2;340
51038;44;183;6;189
51039;44;95;5;100
51040;44;250;3;253
51041;44;103;4;107
51042;44;386;8;394
51043;44;2352;28;2380
51044;44;796;16;812
51045;44;104;0;104
51046;44;995;15;1010
51047;44;44;3;47
51048;44;161;0;161
51049;44;576;4;580
51050;44;135;2;137
51051;44;221;2;223
51052;44;596;4;600
51053;44;76;7;83
51054;44;1281;14;1295
51055;44;7069;108;7177
51056;44;255;3;258
51057;44;76;2;78
51058;44;2978;70;3048
51059;44;361;6;367
51060;44;171;3;174
51061;44;119;2;121
51062;44;95;3;98
51063;44;164;2;166
51065;44;632;13;645
51066;44;330;3;333
51068;44;202;2;204
51069;44;118;1;119
51070;44;227;0;227
51071;44;194;7;201
51072;44;220;3;223
51073;44;223;3;226
51074;44;1773;27;1800
51075;44;1422;33;1455
51076;44;441;9;450
51077;44;182;4;186
51078;44;575;14;589
51079;44;867;23;890
51080;44;190;1;191
51081;44;320;5;325
51082;44;93;6;99
51083;44;81;3;84
51084;44;78;1;79
51085;44;378;3;381
51086;44;334;11;345
51087;44;217;8;225
51088;44;448;7;455
51089;44;72;4;76
51090;44;312;12;324
51091;44;134;7;141
51092;44;357;4;361
51093;44;445;14;459
51094;44;177;7;184
51095;44;94;3;97
51097;44;175;4;179
51098;44;136;4;140
51099;44;322;9;331
51100;44;107;2;109
51101;44;689;8;697
51102;44;469;10;479
51103;44;140;1;141
51104;44;138;4;142
51105;44;1438;25;1463
51106;44;125;5;130
51107;44;336;3;339
51108;44;44379;1246;45625
51109;44;188;2;190
51110;44;55;1;56
51111;44;147;8;155
51112;44;430;6;436
51113;44;122;2;124
51115;44;568;3;571
51116;44;279;4;283
51117;44;319;8;327
51118;44;1573;25;1598
51119;44;512;7;519
51120;44;155;0;155
51121;44;250;3;253
51122;44;117;5;122
51124;44;47;3;50
51125;44;51;1;52
51126;44;47;3;50
51127;44;87;2;89
51128;44;54;2;56
51129;44;249;9;258
51130;44;231;5;236
51132;44;117;0;117
51133;44;63;0;63
51134;44;245;8;253
51135;44;78;0;78
51136;44;638;16;654
51137;44;223;3;226
51138;44;35;2;37
51139;44;316;13;329
51140;44;390;2;392
51141;44;778;15;793
51142;44;333;11;344
51143;44;56;0;56
51144;44;604;10;614
51145;44;225;6;231
51146;44;105;4;109
51147;44;330;13;343
51148;44;157;2;159
51149;44;440;13;453
51150;44;82;1;83
51151;44;174;3;177
51152;44;540;13;553
51153;44;1022;31;1053
51154;44;213;3;216
51155;44;612;10;622
51156;44;124;1;125
51157;44;72;1;73
51158;44;567;11;578
51160;44;1376;46;1422
51161;44;768;14;782
51162;44;636;7;643
51163;44;268;2;270
51164;44;148;3;151
51165;44;1036;30;1066
51166;44;68;2;70
51167;44;148;3;151
51168;44;220;8;228
51169;44;95;5;100
51170;44;111;2;113
51171;44;1487;26;1513
51172;44;6458;92;6550
51173;44;124;1;125
51174;44;62;0;62
51175;44;210;7;217
51176;44;151;7;158
51177;44;205;4;209
51178;44;80;2;82
51179;44;164;0;164
51181;44;395;11;406
51182;44;93;3;96
51183;44;1210;19;1229
51184;44;392;13;405
51185;44;299;1;300
51186;44;47;0;47
51187;44;283;4;287
51188;44;213;8;221
51190;44;68;0;68
51191;44;60;1;61
51192;44;347;5;352
51193;44;2382;91;2473
51194;44;460;6;466
51195;44;823;23;846
51196;44;880;13;893
51197;44;79;2;81
51198;44;668;6;674
51199;44;408;6;414
51200;44;369;12;381
51201;44;126;4;130
51202;44;749;12;761
51203;44;223;2;225
51204;44;1377;25;1402
51205;44;272;4;276
51206;44;113;2;115
51208;44;110;2;112
51210;44;1496;34;1530
51211;44;68;0;68
51212;44;155;1;156
51213;44;60;2;62
51214;44;138;8;146
51215;44;127;3;130
51216;44;263;4;267
51217;44;2918;43;2961
51218;44;130;1;131
51219;44;223;1;224
51220;44;140;1;141
51222;44;95;3;98
51223;44;56;1;57
51224;44;170;2;172
51225;44;305;2;307
51226;44;55;1;56
51227;44;488;21;509
51228;44;84;0;84
51229;44;120;6;126
51230;44;22433;468;22901
51231;44;654;15;669
51232;44;415;6;421
51233;44;69;3;72
51234;44;618;11;629
51235;44;246;10;256
51236;44;139;3;142
51237;44;1820;30;1850
51238;44;490;8;498
51239;44;105;1;106
51240;44;127;3;130
51241;44;81;1;82
51242;44;4843;108;4951
51243;44;308;8;316
51244;44;241;8;249
51245;44;573;10;583
51246;44;222;6;228
51247;44;143;3;146
51248;44;2162;41;2203
51249;44;389;5;394
51250;44;5589;51;5640
51251;44;170;5;175
51252;44;518;8;526
51253;44;228;5;233
51254;44;232;2;234
51255;44;13;0;13
51256;44;340;8;348
51258;44;209;13;222
51259;44;196;7;203
51260;44;76;3;79
51262;44;1816;33;1849
51263;44;380;7;387
51264;44;512;15;527
51265;44;590;12;602
51266;44;530;16;546
51267;44;176;2;178
51268;44;178;4;182
51269;44;274;1;275
51270;44;237;5;242
51272;44;456;5;461
51273;44;70;4;74
51274;44;117;3;120
51275;44;188;3;191
51276;44;145;7;152
51277;44;272;2;274
51278;44;275;5;280
51279;44;184;4;188
51280;44;25;0;25
51281;44;619;11;630
51282;44;1796;45;1841
51283;44;147;6;153
51284;44;304;1;305
51285;44;139;5;144
51286;44;237;8;245
51287;44;675;15;690
51288;44;238;8;246
51289;44;435;9;444
51290;44;288;6;294
51291;44;1391;31;1422
51292;44;127;4;131
51293;44;478;7;485
51294;44;78;1;79
51295;44;304;2;306
51296;44;78;1;79
51298;44;428;3;431
51299;44;928;15;943
51300;44;95;2;97
51301;44;109;8;117
51302;44;95;1;96
51303;44;552;10;562
51304;44;171;4;175
51305;44;126;2;128
51306;44;103;3;106
51307;44;222;3;225
51308;44;1857;53;1910
51309;44;113;4;117
51310;44;227;2;229
51311;44;208;2;210
51312;44;938;29;967
51313;44;323;5;328
51314;44;225;3;228
51315;44;146;2;148
51316;44;273;5;278
51317;44;54;0;54
51318;44;571;16;587
51319;44;100;3;103
51320;44;310;8;318
51321;44;81;3;84
51322;44;124;1;125
51323;44;105;6;111
51324;44;114;0;114
51325;44;113;2;115
51326;44;1091;14;1105
51327;44;180;2;182
51328;44;1104;24;1128
51329;44;1348;18;1366
51333;44;674;7;681
51334;44;472;11;483
51336;44;58;1;59
51337;44;271;3;274
51338;44;640;16;656
51339;44;557;15;572
51340;44;539;14;553
51341;44;34;2;36
51342;44;246;7;253
51343;44;628;21;649
51344;44;1480;20;1500
51345;44;284;2;286
51346;44;1157;18;1175
51348;44;116;1;117
51349;44;173;4;177
51350;44;125;5;130
51351;44;108;1;109
51352;44;876;18;894
51353;44;47;1;48
51354;44;283;9;292
51355;44;52;0;52
51356;44;151;5;156
51357;44;612;13;625
51358;44;584;10;594
51359;44;207;3;210
51360;44;294;2;296
51361;44;167;1;168
51362;44;603;19;622
51363;44;254;7;261
51364;44;66;1;67
51365;44;876;21;897
51367;44;1055;36;1091
51368;44;50;3;53
51369;44;314;14;328
51370;44;193;10;203
51371;44;62;1;63
51372;44;528;9;537
51373;44;92;4;96
51374;44;26;0;26
51375;44;319;5;324
51376;44;151;3;154
51377;44;47;0;47
51378;44;348;5;353
51379;44;510;8;518
51380;44;3571;49;3620
51381;44;613;11;624
51382;44;119;4;123
51384;44;408;7;415
51386;44;136;3;139
51387;44;297;3;300
51388;44;5150;49;5199
51389;44;813;8;821
51390;44;783;10;793
51391;44;2119;65;2184
51392;44;189;5;194
51393;44;293;7;300
51395;44;98;1;99
51396;44;143;3;146
51397;44;139;2;141
51398;44;185;2;187
51399;44;544;9;553
51402;44;266;7;273
51403;44;524;5;529
51404;44;107;4;111
51406;44;152;1;153
51407;44;420;5;425
51409;44;367;10;377
51410;44;652;10;662
51412;44;60;2;62
51413;44;871;18;889
51414;44;150;5;155
51415;44;205;0;205
51416;44;550;3;553
51417;44;378;5;383
51418;44;446;3;449
51419;44;129;2;131
51420;44;82;0;82
51421;44;99;3;102
51422;44;475;10;485
51423;44;1766;14;1780
51424;44;207;1;208
51425;44;383;14;397
51426;44;66;3;69
51428;44;495;7;502
51429;44;205;3;208
51430;44;86;2;88
51431;44;1198;19;1217
51432;44;836;19;855
51433;44;256;3;259
51434;44;740;21;761
51435;44;178;2;180
51436;44;924;18;942
51437;44;95;0;95
51438;44;69;1;70
51439;44;465;8;473
51440;44;1745;17;1762
51441;44;106;1;107
51442;44;137;0;137
51443;44;121;3;124
51444;44;506;8;514
51445;44;202;1;203
51446;44;434;8;442
51447;44;486;13;499
51448;44;555;10;565
51449;44;1028;16;1044
51450;44;426;8;434
51451;44;90;5;95
51452;44;33;0;33
51453;44;1033;30;1063
51454;44;181194;2920;184114
51455;44;223;3;226
51456;44;60;1;61
51457;44;280;18;298
51458;44;63;0;63
51459;44;110;1;111
51460;44;195;5;200
51461;44;1020;22;1042
51463;44;168;4;172
51464;44;309;17;326
51465;44;163;2;165
51466;44;217;5;222
51468;44;363;10;373
51469;44;111;5;116
51470;44;4;0;4
51471;44;376;3;379
51472;44;1033;17;1050
51473;44;104;6;110
51474;44;3417;40;3457
51475;44;61;1;62
51476;44;819;13;832
51477;44;330;4;334
51478;44;424;12;436
51479;44;242;5;247
51480;44;138;3;141
51482;44;681;13;694
51483;44;536;7;543
51484;44;279;4;283
51485;44;346;6;352
51486;44;373;4;377
51487;44;342;6;348
51488;44;317;34;351
51489;44;32;3;35
51490;44;203;2;205
51491;44;89;3;92
51492;44;1426;38;1464
51493;44;109;3;112
51495;44;78;0;78
51496;44;268;5;273
51497;44;44;0;44
51498;44;63;1;64
51499;44;161;7;168
51500;44;118;0;118
51501;44;195;8;203
51502;44;114;0;114
51503;44;85;1;86
51504;44;804;31;835
51505;44;486;4;490
51506;44;5474;78;5552
51507;44;4165;116;4281
51508;44;204;6;210
51509;44;307;8;315
51510;44;129;0;129
51511;44;119;2;121
51512;44;102;2;104
51513;44;525;6;531
51514;44;106;2;108
51515;44;338;8;346
51516;44;51;0;51
51517;44;120;4;124
51518;44;616;24;640
51519;44;39;2;41
51520;44;77;1;78
51521;44;226;3;229
51522;44;419;4;423
51523;44;269;4;273
51524;44;304;6;310
51525;44;2037;86;2123
51526;44;386;10;396
51527;44;272;4;276
51528;44;130;0;130
51529;44;417;1;418
51530;44;671;12;683
51531;44;1789;32;1821
51532;44;568;14;582
51533;44;106;0;106
51534;44;207;4;211
51535;44;4772;108;4880
51536;44;1796;39;1835
51537;44;179;4;183
51538;44;111;0;111
51539;44;71;0;71
51542;44;190;0;190
51543;44;71;7;78
51544;44;639;19;658
51545;44;502;16;518
51546;44;506;147;653
51547;44;140;2;142
51548;44;363;262;625
51549;44;121;3;124
51550;44;270;11;281
51551;44;199;6;205
51552;44;265;4;269
51553;44;240;5;245
51555;44;166;0;166
51556;44;292;5;297
51557;44;466;9;475
51558;44;141;3;144
51559;44;3864;49;3913
51560;44;109;3;112
51562;44;2183;36;2219
51563;44;106;2;108
51564;44;607;16;623
51565;44;102;0;102
51566;44;295;2;297
51567;44;527;6;533
51568;44;301;6;307
51569;44;508;70;578
51570;44;105;2;107
51571;44;916;10;926
51572;44;233;11;244
51573;44;10294;139;10433
51574;44;138;2;140
51576;44;1384;13;1397
51577;44;151;3;154
51578;44;87;1;88
51579;44;177;3;180
51580;44;436;5;441
51581;44;246;1;247
51582;44;542;9;551
51583;44;190;5;195
51584;44;147;2;149
51585;44;794;62;856
51586;44;177;5;182
51587;44;232;5;237
51588;44;303;5;308
51589;44;174;1;175
51590;44;366;9;375
51591;44;176;3;179
51592;44;298;6;304
51594;44;65;1;66
51595;44;155;2;157
51596;44;367;10;377
51597;44;336;7;343
51598;44;485;21;506
51599;44;323;5;328
51600;44;98;1;99
51601;44;158;3;161
51602;44;65;0;65
51603;44;205;2;207
51604;44;258;3;261
51605;44;528;10;538
51607;44;206;2;208
51608;44;86;5;91
51609;44;846;20;866
51610;44;391;6;397
51611;44;286;4;290
51612;44;3332;176;3508
51613;44;1047;8;1055
51614;44;961;23;984
51616;44;233;3;236
51617;44;605;11;616
51618;44;190;3;193
51619;44;113;3;116
51620;44;173;7;180
51621;44;517;10;527
51622;44;401;9;410
51623;44;281;46;327
51624;44;648;6;654
51625;44;283;3;286
51626;44;118;4;122
51627;44;323;11;334
51628;44;122;5;127
51629;44;912;23;935
51630;44;330;5;335
51631;44;246;6;252
51632;44;237;6;243
51633;44;296;15;311
51634;44;264;8;272
51635;44;110;1;111
51636;44;501;12;513
51637;44;212;3;215
51638;44;207;6;213
51639;44;43;1;44
51640;44;213;1;214
51641;44;203;5;208
51642;44;111;4;115
51643;44;549;5;554
51644;44;308;10;318
51645;44;110;2;112
51646;44;82;3;85
51647;44;830;24;854
51648;44;382;9;391
51649;44;11376;251;11627
51650;44;46;1;47
51652;44;58;0;58
51654;44;258;2;260
51655;44;291;5;296
51656;44;454;18;472
51657;44;247;0;247
51658;44;104;0;104
51659;44;47;1;48
51660;44;2591;28;2619
51662;44;4971;74;5045
51663;44;1697;15;1712
52001;44;312;8;320
52002;44;23;0;23
52003;44;150;2;152
52004;44;13;0;13
52005;44;34;4;38
52006;44;355;4;359
52007;44;87;2;89
52008;44;867;10;877
52009;44;105;1;106
52011;44;91;0;91
52012;44;30;2;32
52013;44;124;2;126
52014;44;187;5;192
52015;44;86;0;86
52016;44;68;2;70
52017;44;729;14;743
52019;44;90;4;94
52021;44;267;4;271
52022;44;185;3;188
52023;44;155;5;160
52025;44;87;2;89
52027;44;73;2;75
52028;44;54;0;54
52029;44;138;4;142
52030;44;56;4;60
52031;44;371;9;380
52033;44;108;4;112
52034;44;143;5;148
52035;44;186;3;189
52037;44;370;3;373
52038;44;64;0;64
52039;44;89;0;89
52040;44;54;1;55
52042;44;107;1;108
52043;44;58;2;60
52044;44;553;11;564
52045;44;1792;39;1831
52047;44;103;0;103
52050;44;1340;31;1371
52051;44;85;4;89
52053;44;73;1;74
52055;44;115;2;117
52056;44;187;6;193
52057;44;104;4;108
52058;44;1851;27;1878
52059;44;141;0;141
52060;44;1977;53;2030
52061;44;291;2;293
52062;44;160;4;164
52063;44;99;1;100
52064;44;781;34;815
52065;44;65;1;66
52066;44;63;3;66
52067;44;75;0;75
52069;44;144;1;145
52070;44;123;3;126
52072;44;379;10;389
52074;44;673;20;693
52075;44;177;6;183
52076;44;448;14;462
52079;44;659;10;669
52082;44;155;5;160
52083;44;737;14;751
52084;44;42;0;42
52085;44;26;2;28
52087;44;197;20;217
52088;44;645;21;666
52089;44;76;0;76
52090;44;102;1;103
52091;44;85;7;92
52092;44;105;2;107
52093;44;2429;42;2471
52094;44;178;2;180
52095;44;190;2;192
52097;44;49;1;50
52099;44;798;10;808
52101;44;41;1;42
52102;44;422;13;435
52103;44;113;2;115
52104;44;1045;23;1068
52105;44;300;11;311
52106;44;122;2;124
52107;44;226;5;231
52108;44;146;4;150
52109;44;7;0;7
52110;44;153;6;159
52113;44;261;2;263
52114;44;1579;17;1596
52115;44;99;2;101
52116;44;49;2;51
52118;44;279;6;285
52119;44;345;9;354
52120;44;189;7;196
52121;44;21847;1195;23042
52122;44;116;1;117
52123;44;1297;21;1318
52124;44;76;0;76
52125;44;1042;172;1214
52126;44;159;4;163
52127;44;78;4;82
52128;44;145;3;148
52129;44;121;1;122
52130;44;189;1;190
52131;44;74;1;75
52132;44;168;3;171
52133;44;71;0;71
52134;44;223;1;224
52135;44;88;0;88
52136;44;111;0;111
52137;44;22;0;22
52138;44;63;1;64
52140;44;706;22;728
52141;44;298;6;304
52142;44;72;1;73
52145;44;118;5;123
52146;44;155;3;158
52147;44;89;0;89
52149;44;93;2;95
52151;44;148;2;150
52155;44;513;12;525
52156;44;407;7;414
52157;44;12;1;13
52158;44;282;4;286
52159;44;26;1;27
52160;44;64;2;66
52161;44;72;0;72
52162;44;197;2;199
52163;44;384;4;388
52164;44;197;5;202
52165;44;194;5;199
52167;44;262;3;265
52168;44;60;3;63
52169;44;78;2;80
52170;44;166;7;173
52171;44;243;3;246
52172;44;280;7;287
52173;44;77;2;79
52174;44;37;1;38
52175;44;390;4;394
52177;44;790;34;824
52178;44;362;10;372
52179;44;20;2;22
52181;44;91;2;93
52182;44;2017;46;2063
52183;44;39;1;40
52184;44;59;5;64
52185;44;61;1;62
52187;44;159;4;163
52189;44;400;11;411
52190;44;286;5;291
52193;44;302;13;315
52194;44;2033;33;2066
52195;44;37;0;37
52196;44;96;4;100
52197;44;1298;96;1394
52198;44;70;3;73
52199;44;50;2;52
52200;44;77;5;82
52201;44;69;0;69
52203;44;146;2;148
52204;44;63;4;67
52205;44;687;17;704
52206;44;154;4;158
52207;44;99;4;103
52208;44;146;2;148
52211;44;1449;23;1472
52212;44;308;3;311
52213;44;131;6;137
52214;44;31;1;32
52216;44;47;1;48
52217;44;87;4;91
52218;44;48;0;48
52219;44;18;0;18
52220;44;142;1;143
52221;44;118;4;122
52222;44;35;0;35
52223;44;65;3;68
52227;44;215;10;225
52228;44;78;1;79
52229;44;151;2;153
52230;44;281;5;286
52231;44;91;2;93
52232;44;62;0;62
52233;44;104;2;106
52234;44;41;0;41
52235;44;260;4;264
52237;44;278;10;288
52240;44;193;7;200
52242;44;962;16;978
52243;44;120;1;121
52244;44;761;10;771
52245;44;62;5;67
52246;44;579;12;591
52247;44;207;8;215
52248;44;545;17;562
52249;44;147;6;153
52250;44;3015;68;3083
52251;44;995;35;1030
52253;44;212;3;215
52254;44;85;3;88
52256;44;75;4;79
52257;44;105;2;107
52258;44;311;2;313
52260;44;123;3;126
52264;44;61;2;63
52265;44;1298;28;1326
52266;44;66;0;66
52267;44;216;3;219
52269;44;7668;396;8064
52271;44;197;6;203
52272;44;114;2;116
52273;44;121;1;122
52274;44;291;9;300
52275;44;69;0;69
52276;44;223;7;230
52277;44;59;1;60
52278;44;71;0;71
52280;44;199;3;202
52282;44;340;5;345
52284;44;94;1;95
52285;44;78;2;80
52286;44;77;0;77
52287;44;88;1;89
52288;44;121;0;121
52289;44;315;8;323
52290;44;132;2;134
52291;44;62;0;62
52292;44;722;18;740
52294;44;696;13;709
52295;44;94;0;94
52297;44;273;11;284
52298;44;73;1;74
52300;44;163;2;165
52301;44;61;1;62
52302;44;189;3;192
52303;44;95;1;96
52304;44;52;1;53
52305;44;553;5;558
52306;44;444;9;453
52307;44;214;4;218
52308;44;403;4;407
52310;44;99;2;101
52311;44;224;4;228
52312;44;53;3;56
52313;44;143;1;144
52315;44;336;1;337
52316;44;69;2;71
52318;44;245;6;251
52319;44;71;0;71
52320;44;94;3;97
52321;44;179;7;186
52322;44;132;4;136
52325;44;117;5;122
52326;44;43;0;43
52327;44;444;10;454
52328;44;32;1;33
52330;44;68;2;70
52331;44;2282;65;2347
52332;44;1832;54;1886
52335;44;120;1;121
52336;44;147;3;150
52337;44;59;0;59
52341;44;131;2;133
52342;44;27;1;28
52344;44;31;1;32
52346;44;381;6;387
52347;44;237;5;242
52348;44;580;19;599
52349;44;307;9;316
52350;44;68;0;68
52352;44;68;4;72
52353;44;3591;61;3652
52354;44;84;0;84
52355;44;151;4;155
52356;44;108;4;112
52357;44;177;2;179
52358;44;90;0;90
52359;44;150;3;153
52360;44;165;3;168
52362;44;136;2;138
52363;44;98;7;105
52364;44;102;3;105
52365;44;345;3;348
52366;44;77;1;78
52367;44;41;1;42
52369;44;70;0;70
52370;44;255;5;260
52371;44;139;2;141
52372;44;84;6;90
52373;44;33;1;34
52374;44;276;5;281
52375;44;55;0;55
52376;44;106;3;109
52377;44;288;8;296
52378;44;46;2;48
52380;44;382;4;386
52383;44;292;7;299
52384;44;112;0;112
52385;44;30;2;32
52386;44;515;4;519
52388;44;149;2;151
52390;44;56;1;57
52391;44;306;8;314
52392;44;115;2;117
52393;44;55;0;55
52394;44;213;9;222
52395;44;55;0;55
52396;44;140;3;143
52397;44;71;1;72
52398;44;632;14;646
52399;44;105;7;112
52400;44;155;0;155
52401;44;367;12;379
52403;44;78;1;79
52405;44;1188;22;1210
52406;44;198;5;203
52407;44;281;7;288
52411;44;1329;47;1376
52413;44;106;2;108
52414;44;770;12;782
52415;44;115;0;115
52416;44;63;1;64
52419;44;131;5;136
52420;44;126;1;127
52421;44;477;9;486
52422;44;262;5;267
52423;44;671;8;679
52424;44;69;0;69
52425;44;196;4;200
52426;44;128;1;129
52428;44;64;1;65
52429;44;556;3;559
52431;44;168;2;170
52432;44;1413;30;1443
52433;44;91;1;92
52436;44;49;1;50
52437;44;25;0;25
52438;44;104;2;106
52439;44;76;1;77
52440;44;375;7;382
52442;44;343;10;353
52443;44;33;0;33
52444;44;352;10;362
52445;44;69;2;71
52446;44;233;4;237
52447;44;183;2;185
52448;44;22928;499;23427
52449;44;1116;32;1148
52450;44;129;4;133
52452;44;109;0;109
52453;44;132;1;133
52455;44;236;6;242
52456;44;638;10;648
52457;44;172;3;175
52459;44;113;1;114
52461;44;380;10;390
52463;44;45;2;47
52464;44;48;2;50
52465;44;130;0;130
52467;44;59;2;61
52468;44;110;4;114
52469;44;741;16;757
52470;44;369;13;382
52472;44;141;0;141
52473;44;90;1;91
52474;44;36;0;36
52475;44;60;6;66
52476;44;81;3;84
52479;44;664;18;682
52480;44;362;8;370
52482;44;97;2;99
52483;44;68;1;69
52484;44;360;15;375
52486;44;64;0;64
52487;44;70;3;73
52488;44;271;0;271
52489;44;35;1;36
52490;44;682;21;703
52491;44;116;5;121
52492;44;554;14;568
52493;44;30;0;30
52494;44;221;9;230
52495;44;85;1;86
52497;44;433;9;442
52499;44;43;0;43
52500;44;622;9;631
52502;44;65;0;65
52503;44;25;0;25
52504;44;261;4;265
52505;44;35;0;35
52506;44;96;3;99
52507;44;56;0;56
52510;44;372;7;379
52511;44;56;2;58
52512;44;512;15;527
52513;44;62;1;63
52514;44;342;11;353
52515;44;103;4;107
52516;44;49;4;53
52517;44;134;1;135
52518;44;101;2;103
52519;44;46;0;46
52520;44;149;7;156
52522;44;339;10;349
52523;44;67;4;71
52524;44;233;0;233
52525;44;69;1;70
52526;44;79;1;80
52528;44;146;1;147
52529;44;983;18;1001
52534;44;1498;36;1534
52535;44;714;11;725
52536;44;45;0;45
52538;44;263;2;265
52539;44;67;0;67
52540;44;22;0;22
52541;44;204;4;208
52542;44;52;1;53
52543;44;516;10;526
52544;44;277;2;279
52545;44;107;2;109
52546;44;15;0;15
52547;44;202;1;203
52548;44;92;2;94
52549;44;27;0;27
52550;44;2819;110;2929
53001;52;1831;59;1890
53002;52;606;9;615
53003;52;2639;69;2708
53005;52;2319;50;2369
53007;52;2825;75;2900
53008;52;1819;50;1869
53009;52;659;14;673
53010;52;460;13;473
53011;52;879;19;898
53012;52;476;26;502
53013;52;564;16;580
53015;52;1923;44;1967
53016;52;1224;14;1238
53017;52;956;27;983
53018;52;1298;32;1330
53019;52;118;3;121
53021;52;1047;28;1075
53022;52;516;10;526
53023;52;561;6;567
53025;52;1096;12;1108
53026;52;529;9;538
53027;52;203;3;206
53028;52;585;12;597
53029;52;1252;32;1284
53030;52;325;4;329
53031;52;496;2;498
53033;52;115;5;120
53034;52;6137;193;6330
53035;52;587;9;596
53036;52;1065;20;1085
53037;52;729;26;755
53038;52;143;4;147
53039;52;1736;36;1772
53040;52;630;12;642
53041;52;277;5;282
53042;52;844;12;856
53043;52;554;11;565
53045;52;682;18;700
53046;52;307;3;310
53047;52;269;4;273
53048;52;1155;34;1189
53049;52;711;8;719
53051;52;600;6;606
53052;52;293;7;300
53053;52;505;21;526
53054;52;6209;198;6407
53055;52;606;15;621
53056;52;983;26;1009
53057;52;507;10;517
53058;52;336;13;349
53059;52;413;6;419
53061;52;464;6;470
53062;52;16950;666;17616
53063;52;455;14;469
53064;52;979;24;1003
53066;52;1381;32;1413
53067;52;395;12;407
53068;52;155;1;156
53069;52;160;5;165
53071;52;484;22;506
53072;52;1253;28;1281
53073;52;887;23;910
53074;52;842;35;877
53075;52;275;7;282
53076;52;329;11;340
53077;52;3199;77;3276
53078;52;852;16;868
53079;52;378;11;389
53080;52;133;2;135
53082;52;640;13;653
53083;52;854;29;883
53084;52;4486;178;4664
53085;52;194;2;196
53086;52;652;12;664
53087;52;210;4;214
53088;52;842;29;871
53089;52;509;5;514
53090;52;159;5;164
53091;52;456;15;471
53093;52;272;5;277
53094;52;2255;41;2296
53096;52;5717;96;5813
53097;52;8614;229;8843
53098;52;432;9;441
53099;52;1096;33;1129
53100;52;1176;15;1191
53101;52;836;11;847
53102;52;168;2;170
53103;52;2134;58;2192
53104;52;1330;23;1353
53105;52;230;5;235
53106;52;509;11;520
53107;52;2552;55;2607
53108;52;563;6;569
53109;52;621;17;638
53110;52;997;19;1016
53111;52;464;14;478
53112;52;393;7;400
53113;52;611;14;625
53114;52;204;2;206
53115;52;313;12;325
53116;52;720;18;738
53117;52;499;5;504
53118;52;235;2;237
53119;52;4326;157;4483
53120;52;455;10;465
53121;52;1379;30;1409
53122;52;750;17;767
53123;52;1465;14;1479
53124;52;1393;43;1436
53125;52;1156;22;1178
53126;52;1115;16;1131
53127;52;2234;58;2292
53128;52;364;4;368
53129;52;383;5;388
53130;52;49733;2637;52370
53131;52;194;2;196
53132;52;285;11;296
53133;52;718;17;735
53134;52;172;1;173
53135;52;736;23;759
53136;52;1194;38;1232
53137;52;2745;63;2808
53139;52;412;6;418
53140;52;4375;96;4471
53141;52;1150;31;1181
53142;52;291;6;297
53143;52;516;11;527
53144;52;761;24;785
53145;52;546;14;560
53146;52;1914;28;1942
53147;52;12823;680;13503
53148;52;235;1;236
53150;52;905;28;933
53151;52;1110;15;1125
53152;52;2808;71;2879
53153;52;635;13;648
53154;52;912;15;927
53155;52;1363;24;1387
53156;52;252;8;260
53157;52;1322;53;1375
53158;52;1039;20;1059
53160;52;374;7;381
53161;52;3162;62;3224
53162;52;990;17;1007
53163;52;778;4;782
53164;52;345;8;353
53165;52;354;7;361
53168;52;1206;25;1231
53169;52;414;9;423
53170;52;1158;25;1183
53172;52;410;9;419
53173;52;181;6;187
53174;52;840;23;863
53175;52;1371;48;1419
53176;52;549;11;560
53177;52;305;5;310
53178;52;229;10;239
53179;52;352;8;360
53180;52;642;28;670
53181;52;813;14;827
53182;52;1799;27;1826
53184;52;163;7;170
53185;52;2291;87;2378
53186;52;2121;64;2185
53187;52;229;13;242
53188;52;2529;58;2587
53189;52;103;2;105
53190;52;465;10;475
53191;52;248;2;250
53192;52;318;4;322
53193;52;566;11;577
53195;52;500;8;508
53196;52;359;12;371
53197;52;901;24;925
53198;52;229;7;236
53199;52;216;4;220
53200;52;1146;57;1203
53201;52;7353;259;7612
53202;52;308;3;311
53203;52;525;13;538
53204;52;388;12;400
53206;52;200;10;210
53208;52;494;17;511
53209;52;559;14;573
53210;52;1548;30;1578
53211;52;1447;33;1480
53212;52;429;9;438
53213;52;494;8;502
53214;52;166;4;170
53216;52;993;27;1020
53218;52;798;25;823
53219;52;1412;40;1452
53220;52;392;8;400
53221;52;391;9;400
53222;52;365;8;373
53223;52;335;9;344
53224;52;1184;31;1215
53225;52;512;10;522
53226;52;832;32;864
53228;52;576;14;590
53229;52;1652;48;1700
53230;52;223;9;232
53232;52;311;3;314
53233;52;340;2;342
53234;52;370;13;383
53235;52;227;4;231
53236;52;170;1;171
53237;52;454;13;467
53238;52;519;10;529
53240;52;437;6;443
53242;52;260;3;263
53243;52;1782;36;1818
53245;52;922;27;949
53246;52;1853;33;1886
53247;52;2265;44;2309
53248;52;141;3;144
53249;52;1113;14;1127
53250;52;407;6;413
53251;52;464;8;472
53253;52;515;5;520
53255;52;1278;31;1309
53256;52;172;4;176
53257;52;318;8;326
53258;52;912;28;940
53259;52;347;8;355
53260;52;415;1;416
53261;52;167;3;170
53262;52;1109;34;1143
53263;52;280;8;288
53264;52;194;3;197
53265;52;765;15;780
53266;52;227;4;231
53267;52;1166;32;1198
53269;52;609;5;614
53270;52;108;8;116
53271;52;2738;42;2780
53272;52;185;1;186
53273;52;1087;22;1109
53276;52;924;15;939
54001;44;296;3;299
54002;44;232;4;236
54003;44;96;4;100
54004;44;178;2;180
54005;44;109;1;110
54006;44;442;7;449
54007;44;520;3;523
54008;44;472;14;486
54009;44;167;3;170
54010;44;499;13;512
54011;44;654;2;656
54012;44;350;5;355
54013;44;83;2;85
54014;44;264;14;278
54015;44;259;6;265
54016;44;288;7;295
54017;44;76;1;77
54018;44;271;7;278
54019;44;79;1;80
54020;44;452;6;458
54021;44;231;1;232
54022;44;563;10;573
54023;44;248;2;250
54024;44;363;6;369
54025;44;1591;208;1799
54026;44;177;3;180
54027;44;872;12;884
54028;44;2617;18;2635
54029;44;2462;48;2510
54030;44;82;0;82
54031;44;266;5;271
54032;44;187;4;191
54033;44;129;0;129
54034;44;215;10;225
54035;44;387;3;390
54036;44;1150;17;1167
54037;44;424;2;426
54038;44;755;18;773
54039;44;4192;61;4253
54040;44;1553;32;1585
54041;44;145;7;152
54042;44;284;2;286
54043;44;1427;18;1445
54044;44;195;2;197
54045;44;433;7;440
54046;44;395;8;403
54047;44;249;6;255
54048;44;351;15;366
54049;44;538;14;552
54050;44;65;1;66
54051;44;1272;21;1293
54052;44;148;2;150
54053;44;156;6;162
54054;44;1557;18;1575
54055;44;320;5;325
54056;44;141;2;143
54057;44;75;0;75
54058;44;89;2;91
54059;44;755;10;765
54060;44;1465;16;1481
54061;44;584;11;595
54062;44;657;10;667
54063;44;174;4;178
54064;44;315;6;321
54065;44;1095;23;1118
54066;44;405;2;407
54067;44;758;11;769
54068;44;93;2;95
54069;44;439;8;447
54070;44;174;0;174
54071;44;158;1;159
54072;44;259;5;264
54073;44;918;15;933
54074;44;37;0;37
54075;44;118;2;120
54076;44;3973;46;4019
54077;44;1063;12;1075
54078;44;57;1;58
54079;44;4628;31;4659
54080;44;1045;19;1064
54081;44;422;6;428
54082;44;170;3;173
54083;44;177;3;180
54084;44;945;14;959
54085;44;89;2;91
54086;44;354;11;365
54087;44;151;1;152
54088;44;240;1;241
54089;44;1417;20;1437
54090;44;4159;41;4200
54091;44;389;4;393
54092;44;64;1;65
54093;44;168;2;170
54094;44;173;3;176
54095;44;46;0;46
54096;44;429;9;438
54097;44;102;3;105
54098;44;167;3;170
54099;44;8069;231;8300
54100;44;780;12;792
54101;44;129;1;130
54102;44;609;15;624
54103;44;224;5;229
54104;44;260;2;262
54105;44;527;15;542
54106;44;62;2;64
54107;44;74;3;77
54108;44;130;4;134
54109;44;933;12;945
54110;44;562;12;574
54111;44;2826;19;2845
54112;44;706;9;715
54113;44;1490;15;1505
54114;44;332;5;337
54115;44;6671;65;6736
54116;44;2159;43;2202
54117;44;115;3;118
54118;44;600;10;610
54119;44;87;3;90
54120;44;328;8;336
54121;44;191;3;194
54122;44;729;17;746
54123;44;1739;10;1749
54124;44;45;3;48
54125;44;490;8;498
54126;44;221;1;222
54127;44;631;19;650
54128;44;717;7;724
54129;44;1610;25;1635
54130;44;181;1;182
54131;44;496;10;506
54132;44;63;2;65
54133;44;119;4;123
54134;44;244;7;251
54135;44;1449;20;1469
54136;44;2383;33;2416
54137;44;507;17;524
54138;44;2741;56;2797
54139;44;366;2;368
54140;44;96;0;96
54141;44;149;2;151
54142;44;158;2;160
54143;44;391;7;398
54144;44;398;3;401
54145;44;931;12;943
54146;44;294;3;297
54147;44;104;2;106
54148;44;647;8;655
54149;44;1568;12;1580
54150;44;3082;28;3110
54151;44;1042;28;1070
54152;44;3155;45;3200
54153;44;55;0;55
54154;44;491;21;512
54155;44;410;7;417
54156;44;502;17;519
54157;44;4772;45;4817
54158;44;133;2;135
54159;44;9668;189;9857
54160;44;403;9;412
54161;44;311;10;321
54162;44;1164;14;1178
54163;44;258;2;260
54164;44;87;2;89
54165;44;575;28;603
54166;44;32;2;34
54167;44;1951;37;1988
54168;44;287;2;289
54169;44;93;3;96
54170;44;71;1;72
54171;44;1158;21;1179
54172;44;290;7;297
54173;44;212;4;216
54174;44;4428;53;4481
54175;44;370;3;373
54176;44;1116;22;1138
54177;44;257;3;260
54178;44;194;3;197
54179;44;302;4;306
54180;44;72;2;74
54181;44;699;17;716
54182;44;332;10;342
54183;44;78;0;78
54184;44;8833;188;9021
54185;44;60;1;61
54186;44;1105;21;1126
54187;44;113;1;114
54188;44;1367;10;1377
54189;44;597;8;605
54190;44;112;3;115
54191;44;101;2;103
54192;44;301;4;305
54193;44;77;1;78
54194;44;512;9;521
54195;44;203;0;203
54196;44;1735;134;1869
54197;44;2225;25;2250
54198;44;309;5;314
54199;44;382;11;393
54200;44;156;1;157
54201;44;309;3;312
54202;44;376;4;380
54203;44;138;3;141
54204;44;93;2;95
54205;44;2629;30;2659
54206;44;391;5;396
54207;44;100;2;102
54208;44;288;2;290
54209;44;71;0;71
54210;44;211;4;215
54211;44;189;2;191
54212;44;413;13;426
54213;44;367;5;372
54214;44;700;6;706
54215;44;6584;78;6662
54216;44;125;0;125
54217;44;169;2;171
54218;44;58;1;59
54219;44;79;0;79
54220;44;79;0;79
54221;44;230;1;231
54222;44;1328;23;1351
54223;44;218;7;225
54224;44;123;1;124
54225;44;179;3;182
54226;44;171;3;174
54227;44;1346;17;1363
54228;44;70;3;73
54229;44;366;5;371
54230;44;50;0;50
54231;44;175;3;178
54232;44;2712;50;2762
54233;44;37;2;39
54234;44;2877;45;2922
54235;44;421;9;430
54236;44;352;8;360
54237;44;86;3;89
54238;44;271;1;272
54239;44;137;2;139
54240;44;57;0;57
54241;44;75;3;78
54242;44;272;4;276
54243;44;213;7;220
54244;44;111;3;114
54245;44;61;0;61
54246;44;66;6;72
54247;44;177;4;181
54248;44;100;0;100
54249;44;254;4;258
54250;44;735;6;741
54251;44;125;1;126
54252;44;506;6;512
54253;44;773;12;785
54254;44;3394;43;3437
54255;44;85;6;91
54256;44;305;8;313
54257;44;5403;83;5486
54258;44;144;3;147
54259;44;240;2;242
54260;44;955;18;973
54261;44;4409;46;4455
54262;44;197;0;197
54263;44;6267;55;6322
54264;44;284;0;284
54265;44;2097;44;2141
54266;44;407;10;417
54268;44;142;4;146
54269;44;360;5;365
54270;44;3693;65;3758
54271;44;122;6;128
54272;44;469;3;472
54273;44;8219;186;8405
54274;44;9354;237;9591
54275;44;190;6;196
54276;44;795;7;802
54277;44;373;2;375
54278;44;99;1;100
54279;44;983;21;1004
54280;44;6570;53;6623
54281;44;896;18;914
54282;44;161;4;165
54283;44;290;9;299
54284;44;1137;20;1157
54285;44;56;1;57
54286;44;1587;30;1617
54287;44;260;1;261
54288;44;498;5;503
54289;44;366;10;376
54290;44;211;3;214
54291;44;291;2;293
54292;44;190;3;193
54293;44;85;4;89
54294;44;147;1;148
54295;44;972;111;1083
54296;44;433;4;437
54297;44;309;3;312
54298;44;153;2;155
54299;44;226;6;232
54300;44;6553;109;6662
54301;44;128;1;129
54302;44;746;18;764
54303;44;368;3;371
54304;44;14366;191;14557
54305;44;2400;48;2448
54306;44;343;5;348
54307;44;176;4;180
54308;44;146;3;149
54309;44;379;3;382
54310;44;3;0;3
54311;44;595;8;603
54312;44;480;10;490
54313;44;229;1;230
54314;44;3816;65;3881
54315;44;902;6;908
54316;44;298;5;303
54317;44;131;5;136
54318;44;5863;73;5936
54320;44;324;4;328
54321;44;2365;28;2393
54322;44;5218;62;5280
54323;44;14774;272;15046
54324;44;89;1;90
54325;44;82;8;90
54326;44;222;10;232
54327;44;630;15;645
54328;44;6142;89;6231
54329;44;17867;324;18191
54330;44;428;9;437
54331;44;280;6;286
54332;44;1547;24;1571
54333;44;248;14;262
54334;44;561;11;572
54335;44;412;4;416
54336;44;927;11;938
54337;44;129;3;132
54338;44;980;14;994
54339;44;8191;270;8461
54340;44;343;5;348
54343;44;187;5;192
54344;44;218;4;222
54345;44;344;5;349
54346;44;246;4;250
54348;44;236;8;244
54349;44;163;2;165
54350;44;697;8;705
54351;44;1682;15;1697
54352;44;829;9;838
54353;44;922;16;938
54354;44;46;0;46
54355;44;94;2;96
54356;44;67;2;69
54357;44;9818;119;9937
54358;44;279;5;284
54359;44;243;3;246
54360;44;337;8;345
54362;44;1281;7;1288
54363;44;270;6;276
54364;44;1289;19;1308
54365;44;324;9;333
54366;44;1976;20;1996
54367;44;2278;67;2345
54368;44;175;3;178
54369;44;617;7;624
54370;44;225;1;226
54371;44;1069;20;1089
54372;44;511;2;513
54373;44;618;5;623
54374;44;514;9;523
54375;44;1078;17;1095
54376;44;409;7;416
54377;44;159;0;159
54378;44;473;8;481
54379;44;97;0;97
54380;44;413;10;423
54381;44;55;2;57
54382;44;8994;113;9107
54383;44;1117;11;1128
54385;44;1086;25;1111
54386;44;92;1;93
54387;44;151;0;151
54388;44;74;2;76
54389;44;99;2;101
54390;44;101;3;104
54391;44;1568;23;1591
54392;44;312;2;314
54393;44;539;6;545
54394;44;251;6;257
54395;44;105058;1446;106504
54396;44;227;8;235
54397;44;6633;55;6688
54398;44;97;2;99
54399;44;248;1;249
54400;44;1150;22;1172
54401;44;127;5;132
54402;44;413;11;424
54403;44;1190;34;1224
54404;44;264;5;269
54405;44;522;0;522
54406;44;279;7;286
54407;44;96;3;99
54408;44;231;3;234
54409;44;188;0;188
54410;44;519;2;521
54411;44;218;2;220
54412;44;38;3;41
54413;44;151;1;152
54414;44;660;8;668
54415;44;4105;52;4157
54416;44;180;3;183
54417;44;240;7;247
54418;44;171;1;172
54419;44;73;0;73
54420;44;87;1;88
54421;44;317;4;321
54422;44;70;0;70
54423;44;348;10;358
54424;44;43;1;44
54425;44;2539;28;2567
54426;44;480;6;486
54427;44;94;1;95
54428;44;863;9;872
54429;44;300;2;302
54430;44;4870;56;4926
54431;44;14497;187;14684
54432;44;1844;38;1882
54433;44;229;7;236
54434;44;252;2;254
54435;44;362;4;366
54436;44;146;4;150
54437;44;1151;20;1171
54438;44;56;0;56
54439;44;5077;62;5139
54440;44;121;0;121
54441;44;234;5;239
54442;44;97;2;99
54443;44;37;0;37
54444;44;222;2;224
54445;44;102;0;102
54446;44;65;2;67
54447;44;76;1;77
54449;44;1048;15;1063
54450;44;141;1;142
54451;44;3809;76;3885
54452;44;78;2;80
54453;44;161;1;162
54455;44;158;4;162
54456;44;584;8;592
54457;44;44;0;44
54458;44;105;1;106
54459;44;2329;25;2354
54460;44;156;3;159
54461;44;70;2;72
54462;44;2870;28;2898
54463;44;235;2;237
54464;44;105;0;105
54465;44;769;11;780
54466;44;390;5;395
54467;44;191;5;196
54468;44;113;2;115
54469;44;418;5;423
54470;44;74;2;76
54471;44;71;3;74
54472;44;854;16;870
54473;44;280;6;286
54474;44;192;0;192
54475;44;155;6;161
54476;44;416;11;427
54477;44;162;3;165
54478;44;149;1;150
54479;44;95;1;96
54480;44;56;1;57
54481;44;98;3;101
54482;44;10019;110;10129
54483;44;7417;73;7490
54484;44;186;3;189
54485;44;310;6;316
54486;44;355;5;360
54487;44;64;0;64
54488;44;35;0;35
54489;44;148;4;152
54490;44;1473;23;1496
54491;44;315;7;322
54492;44;152;2;154
54493;44;2415;39;2454
54494;44;101;0;101
54495;44;4221;59;4280
54496;44;368;4;372
54497;44;106;3;109
54498;44;5069;66;5135
54499;44;112;4;116
54500;44;183;3;186
54501;44;101;0;101
54502;44;243;1;244
54504;44;668;16;684
54505;44;714;8;722
54507;44;103;2;105
54508;44;245;4;249
54509;44;994;4;998
54510;44;312;6;318
54511;44;112;4;116
54512;44;106;2;108
54513;44;646;4;650
54514;44;601;15;616
54515;44;250;0;250
54516;44;17;1;18
54517;44;203;2;205
54518;44;1110;10;1120
54519;44;587;8;595
54520;44;381;9;390
54521;44;1950;30;1980
54522;44;142;3;145
54523;44;424;2;426
54524;44;84;2;86
54525;44;664;12;676
54526;44;8856;289;9145
54527;44;675;26;701
54528;44;15633;265;15898
54529;44;28;0;28
54530;44;86;2;88
54531;44;56;1;57
54532;44;165;3;168
54533;44;2605;33;2638
54534;44;530;21;551
54535;44;200;2;202
54536;44;2438;24;2462
54537;44;690;29;719
54538;44;381;3;384
54539;44;234;13;247
54540;44;578;6;584
54541;44;165;2;167
54542;44;2322;35;2357
54543;44;158;2;160
54544;44;140;2;142
54545;44;211;5;216
54546;44;930;9;939
54547;44;29942;281;30223
54548;44;538;8;546
54549;44;3594;42;3636
54550;44;322;8;330
54551;44;60;2;62
54552;44;62;2;64
54553;44;150;4;154
54554;44;77;1;78
54555;44;88;0;88
54556;44;107;3;110
54557;44;2306;96;2402
54558;44;280;5;285
54559;44;302;2;304
54560;44;52;0;52
54561;44;47;1;48
54562;44;159;7;166
54563;44;1392;17;1409
54564;44;141;4;145
54565;44;235;2;237
54566;44;154;1;155
54567;44;366;13;379
54568;44;271;3;274
54569;44;191;4;195
54570;44;340;7;347
54571;44;594;8;602
54572;44;683;5;688
54573;44;170;0;170
54574;44;551;19;570
54575;44;1525;37;1562
54576;44;117;1;118
54577;44;143;1;144
54578;44;14525;302;14827
54579;44;339;7;346
54580;44;10003;108;10111
54581;44;297;9;306
54582;44;183;1;184
54583;44;415;8;423
54584;44;1032;22;1054
54585;44;491;6;497
54586;44;741;7;748
54587;44;195;3;198
54588;44;395;9;404
54589;44;128;6;134
54590;44;665;19;684
54591;44;330;12;342
54592;44;260;3;263
54593;44;428;5;433
54594;44;159;1;160
54595;44;561;7;568
54596;44;966;7;973
54597;44;443;3;446
54598;44;270;7;277
54599;44;112;0;112
54600;44;129;1;130
54601;44;103;1;104
54602;44;148;0;148
55001;44;290;10;300
55002;44;103;3;106
55004;44;77;0;77
55005;44;36;1;37
55007;44;241;2;243
55008;44;146;5;151
55009;44;538;19;557
55010;44;2662;73;2735
55011;44;257;3;260
55012;44;414;8;422
55013;44;474;8;482
55014;44;361;7;368
55015;44;498;12;510
55017;44;118;5;123
55018;44;40;2;42
55021;44;62;2;64
55022;44;151;4;155
55023;44;116;1;117
55024;44;162;3;165
55025;44;277;3;280
55026;44;132;5;137
55027;44;159;3;162
55028;44;113;3;116
55029;44;14625;596;15221
55031;44;378;6;384
55032;44;45;1;46
55033;44;18;1;19
55034;44;115;3;118
55035;44;147;6;153
55036;44;92;1;93
55037;44;145;2;147
55038;44;38;2;40
55039;44;0;0;0
55040;44;253;6;259
55041;44;608;16;624
55042;44;525;12;537
55043;44;3040;53;3093
55044;44;33;3;36
55045;44;558;8;566
55046;44;128;4;132
55047;44;161;6;167
55048;44;34;2;36
55049;44;421;0;421
55050;44;0;0;0
55051;44;125;3;128
55053;44;369;2;371
55054;44;61;5;66
55055;44;13;1;14
55057;44;78;2;80
55058;44;326;10;336
55059;44;191;8;199
55060;44;346;14;360
55061;44;239;6;245
55062;44;114;1;115
55063;44;2464;39;2503
55064;44;104;0;104
55065;44;119;0;119
55066;44;131;4;135
55067;44;100;2;102
55068;44;111;3;114
55069;44;229;3;232
55070;44;120;6;126
55071;44;182;5;187
55072;44;109;1;110
55073;44;691;50;741
55075;44;174;4;178
55076;44;168;1;169
55077;44;263;9;272
55078;44;305;9;314
55079;44;696;21;717
55080;44;80;4;84
55081;44;58;1;59
55082;44;46;1;47
55083;44;153;4;157
55084;44;57;2;59
55085;44;288;4;292
55087;44;81;8;89
55088;44;152;4;156
55089;44;88;1;89
55093;44;290;3;293
55094;44;549;11;560
55095;44;104;4;108
55096;44;112;1;113
55097;44;312;6;318
55099;44;121;1;122
55100;44;79;8;87
55101;44;298;8;306
55102;44;524;19;543
55103;44;21;2;23
55104;44;81;3;84
55105;44;178;4;182
55106;44;179;5;184
55107;44;47;1;48
55108;44;124;4;128
55109;44;237;7;244
55110;44;226;7;233
55111;44;444;20;464
55113;44;156;1;157
55114;44;206;4;210
55115;44;46;0;46
55116;44;55;2;57
55117;44;1453;34;1487
55118;44;96;2;98
55119;44;190;1;191
55120;44;785;23;808
55121;44;119;5;124
55122;44;5386;235;5621
55123;44;712;15;727
55124;44;309;4;313
55125;44;797;19;816
55127;44;41;0;41
55128;44;41;1;42
55129;44;37;1;38
55132;44;1680;29;1709
55133;44;87;5;92
55134;44;153;4;157
55137;44;48;0;48
55138;44;133;3;136
55139;44;0;0;0
55140;44;17;0;17
55141;44;83;0;83
55142;44;121;6;127
55143;44;127;8;135
55144;44;385;13;398
55145;44;626;74;700
55146;44;207;11;218
55148;44;112;4;116
55149;44;122;0;122
55150;44;521;13;534
55153;44;195;2;197
55154;44;1441;47;1488
55155;44;397;7;404
55156;44;138;4;142
55157;44;52;0;52
55158;44;731;8;739
55159;44;338;3;341
55160;44;38;0;38
55162;44;35;0;35
55163;44;56;3;59
55165;44;426;12;438
55166;44;1311;24;1335
55167;44;660;10;670
55168;44;44;0;44
55169;44;514;6;520
55170;44;118;1;119
55171;44;256;4;260
55172;44;63;1;64
55173;44;40;3;43
55174;44;77;0;77
55175;44;189;5;194
55177;44;46;4;50
55178;44;184;6;190
55179;44;153;3;156
55180;44;136;11;147
55181;44;3507;74;3581
55182;44;208;3;211
55183;44;37;1;38
55184;44;1651;32;1683
55185;44;89;5;94
55186;44;2109;58;2167
55188;44;44;1;45
55189;44;0;0;0
55191;44;232;5;237
55192;44;44;1;45
55193;44;123;2;125
55194;44;58;0;58
55195;44;127;4;131
55196;44;128;1;129
55197;44;167;4;171
55198;44;652;9;661
55199;44;91;2;93
55200;44;206;4;210
55201;44;59;0;59
55202;44;149;3;152
55204;44;293;5;298
55206;44;98;4;102
55207;44;53;1;54
55208;44;60;2;62
55210;44;40;0;40
55211;44;65;1;66
55212;44;81;0;81
55214;44;279;21;300
55215;44;1074;17;1091
55216;44;63;0;63
55217;44;115;6;121
55218;44;39;0;39
55219;44;102;2;104
55220;44;78;0;78
55221;44;245;6;251
55222;44;32;2;34
55224;44;583;13;596
55225;44;143;7;150
55226;44;123;1;124
55228;44;552;11;563
55229;44;272;3;275
55232;44;114;0;114
55236;44;941;24;965
55237;44;227;1;228
55239;44;0;0;0
55241;44;78;3;81
55242;44;111;4;115
55243;44;181;5;186
55244;44;232;3;235
55245;44;165;2;167
55246;44;150;1;151
55247;44;51;5;56
55248;44;285;7;292
55250;44;182;8;190
55251;44;103;3;106
55252;44;154;2;156
55253;44;715;13;728
55254;44;123;3;126
55255;44;260;6;266
55256;44;148;0;148
55257;44;43;0;43
55258;44;617;17;634
55260;44;54;2;56
55261;44;142;2;144
55262;44;266;2;268
55263;44;158;4;162
55264;44;266;5;271
55265;44;138;5;143
55266;44;50;0;50
55267;44;272;8;280
55268;44;712;17;729
55269;44;74;0;74
55270;44;28;1;29
55271;44;378;6;384
55272;44;441;17;458
55274;44;290;6;296
55275;44;87;4;91
55276;44;215;2;217
55278;44;194;3;197
55279;44;445;8;453
55280;44;59;0;59
55281;44;95;0;95
55282;44;95;3;98
55284;44;72;0;72
55285;44;153;4;157
55286;44;241;1;242
55288;44;1416;16;1432
55289;44;60;1;61
55290;44;54;2;56
55291;44;4018;135;4153
55292;44;189;7;196
55293;44;168;4;172
55295;44;31;1;32
55296;44;477;8;485
55297;44;111;1;112
55298;44;295;9;304
55299;44;120;3;123
55300;44;224;7;231
55301;44;121;8;129
55302;44;1129;35;1164
55303;44;72;4;76
55304;44;159;6;165
55306;44;113;1;114
55307;44;0;0;0
55310;44;113;4;117
55311;44;29;1;30
55312;44;165;6;171
55313;44;67;2;69
55315;44;117;5;122
55316;44;400;7;407
55317;44;142;7;149
55320;44;67;2;69
55321;44;162;7;169
55322;44;46;1;47
55323;44;68;1;69
55324;44;517;13;530
55325;44;51;1;52
55326;44;111;3;114
55327;44;251;2;253
55328;44;288;6;294
55329;44;223;2;225
55330;44;90;2;92
55331;44;78;0;78
55332;44;238;5;243
55333;44;41;0;41
55334;44;167;3;170
55335;44;252;9;261
55336;44;151;2;153
55338;44;149;5;154
55339;44;78;1;79
55340;44;377;11;388
55341;44;126;2;128
55343;44;60;2;62
55344;44;22;0;22
55345;44;102;3;105
55346;44;296;7;303
55347;44;350;3;353
55348;44;373;4;377
55349;44;111;6;117
55350;44;74;0;74
55351;44;2052;85;2137
55352;44;143;18;161
55353;44;81;0;81
55355;44;155;1;156
55356;44;105;1;106
55357;44;108;3;111
55358;44;189;5;194
55359;44;206;2;208
55360;44;110;1;111
55361;44;127;0;127
55362;44;178;3;181
55363;44;93;1;94
55364;44;667;29;696
55365;44;142;4;146
55366;44;993;34;1027
55367;44;136;4;140
55368;44;144;9;153
55369;44;803;21;824
55370;44;225;2;227
55371;44;74;4;78
55372;44;373;12;385
55373;44;83;5;88
55374;44;75;1;76
55375;44;64;1;65
55376;44;86;4;90
55377;44;90;1;91
55378;44;244;3;247
55379;44;71;2;73
55380;44;54;1;55
55381;44;174;8;182
55382;44;362;9;371
55383;44;216;2;218
55384;44;123;4;127
55385;44;491;16;507
55386;44;219;5;224
55387;44;239;4;243
55388;44;278;4;282
55389;44;250;6;256
55391;44;197;6;203
55394;44;6;0;6
55395;44;56;3;59
55396;44;226;5;231
55397;44;238;4;242
55398;44;1016;17;1033
55399;44;117;0;117
55400;44;43;0;43
55401;44;413;11;424
55403;44;60;1;61
55404;44;326;11;337
55405;44;256;4;260
55406;44;110;4;114
55407;44;127;6;133
55408;44;173;8;181
55409;44;65;2;67
55410;44;134;6;140
55411;44;107;1;108
55412;44;187;5;192
55414;44;184;1;185
55415;44;86;1;87
55416;44;224;7;231
55419;44;161;4;165
55420;44;77;0;77
55421;44;77;4;81
55422;44;51;0;51
55423;44;330;8;338
55424;44;50;0;50
55425;44;134;0;134
55426;44;387;15;402
55427;44;2802;51;2853
55428;44;123;1;124
55429;44;47;0;47
55430;44;65;1;66
55431;44;58;0;58
55433;44;358;13;371
55434;44;50;2;52
55435;44;782;24;806
55436;44;29;0;29
55437;44;122;3;125
55438;44;185;4;189
55439;44;89;5;94
55442;44;248;3;251
55443;44;592;6;598
55444;44;221;0;221
55445;44;189;8;197
55446;44;85;4;89
55447;44;372;7;379
55448;44;48;1;49
55449;44;289;4;293
55450;44;45;2;47
55452;44;49;2;51
55453;44;65;1;66
55454;44;166;1;167
55456;44;232;8;240
55457;44;181;5;186
55458;44;375;0;375
55459;44;239;3;242
55460;44;139;2;141
55461;44;472;16;488
55462;44;340;11;351
55463;44;4039;71;4110
55464;44;155;8;163
55465;44;104;0;104
55466;44;294;8;302
55467;44;689;14;703
55468;44;98;0;98
55469;44;90;0;90
55470;44;193;2;195
55471;44;83;1;84
55472;44;116;6;122
55473;44;113;12;125
55474;44;230;7;237
55475;44;60;1;61
55476;44;471;13;484
55477;44;405;15;420
55479;44;163;3;166
55481;44;336;2;338
55482;44;101;2;103
55484;44;47;1;48
55485;44;72;3;75
55487;44;97;2;99
55488;44;150;5;155
55489;44;274;7;281
55490;44;332;11;343
55492;44;989;13;1002
55493;44;190;5;195
55494;44;428;21;449
55495;44;252;1;253
55496;44;1066;30;1096
55497;44;327;3;330
55498;44;465;5;470
55500;44;832;12;844
55501;44;385;10;395
55502;44;2507;129;2636
55503;44;124;2;126
55504;44;414;11;425
55505;44;3165;97;3262
55506;44;31;0;31
55507;44;219;2;221
55508;44;348;2;350
55509;44;274;6;280
55510;44;131;3;134
55511;44;120;3;123
55512;44;279;4;283
55514;44;605;10;615
55515;44;69;1;70
55516;44;559;6;565
55517;44;513;6;519
55518;44;143;2;145
55519;44;1353;29;1382
55520;44;461;11;472
55521;44;244;1;245
55522;44;111;3;114
55523;44;189;4;193
55525;44;75;0;75
55526;44;263;4;267
55527;44;639;11;650
55528;44;51;0;51
55530;44;93;1;94
55531;44;280;27;307
55532;44;310;5;315
55533;44;1939;23;1962
55534;44;53;0;53
55535;44;96;0;96
55536;44;17;3;20
55537;44;80;0;80
55540;44;60;1;61
55541;44;525;9;534
55543;44;948;21;969
55544;44;151;2;153
55545;44;16942;964;17906
55546;44;206;8;214
55547;44;117;4;121
55549;44;89;1;90
55551;44;1555;94;1649
55552;44;82;4;86
55553;44;1309;36;1345
55554;44;267;15;282
55555;44;33;1;34
55556;44;49;1;50
55557;44;120;2;122
55559;44;46;2;48
55560;44;131;4;135
55561;44;51;5;56
55562;44;125;2;127
55563;44;80;4;84
55565;44;79;3;82
55566;44;306;3;309
55567;44;142;2;144
55568;44;280;5;285
55569;44;165;5;170
55570;44;208;7;215
55571;44;226;8;234
55572;44;87;1;88
55573;44;1629;30;1659
55574;44;44;2;46
55575;44;86;0;86
55577;44;59;2;61
55578;44;184;7;191
55579;44;102;0;102
55580;44;51;3;54
55581;44;106;3;109
55582;44;91;1;92
55583;44;201;4;205
55584;44;123;2;125
55586;44;107;3;110
56001;53;3886;128;4014
56002;53;1961;52;2013
56003;53;5392;175;5567
56004;53;1682;31;1713
56005;53;2198;35;2233
56006;53;1526;31;1557
56007;53;14141;423;14564
56008;53;4396;121;4517
56009;53;1012;20;1032
56010;53;6234;192;6426
56011;53;1395;27;1422
56012;53;1962;42;2004
56013;53;3760;61;3821
56014;53;1544;137;1681
56015;53;2026;30;2056
56017;53;2774;63;2837
56018;53;1008;27;1035
56019;53;336;10;346
56020;53;855;15;870
56021;53;1459;27;1486
56022;53;1300;27;1327
56023;53;6660;282;6942
56024;53;2289;35;2324
56025;53;192;4;196
56026;53;2317;59;2376
56027;53;540;8;548
56028;53;1589;37;1626
56029;53;1233;24;1257
56030;53;1039;16;1055
56031;53;3066;61;3127
56032;53;1888;53;1941
56033;53;3074;58;3132
56034;53;4236;126;4362
56035;53;1149;31;1180
56036;53;6920;202;7122
56039;53;979;21;1000
56040;53;3298;61;3359
56041;53;2828;90;2918
56042;53;2192;36;2228
56043;53;737;10;747
56044;53;786;30;816
56045;53;672;10;682
56046;53;3394;81;3475
56047;53;1520;47;1567
56048;53;708;17;725
56049;53;173;4;177
56050;53;885;32;917
56051;53;655;5;660
56052;53;1839;26;1865
56053;53;6261;119;6380
56054;53;3853;97;3950
56055;53;2054;180;2234
56056;53;199;4;203
56057;53;2793;58;2851
56058;53;3318;62;3380
56060;53;951;35;986
56061;53;3962;80;4042
56062;53;680;20;700
56063;53;2637;90;2727
56065;53;721;25;746
56066;53;3779;150;3929
56067;53;5552;139;5691
56068;53;322;3;325
56069;53;2234;53;2287
56070;53;2272;51;2323
56071;53;800;12;812
56072;53;514;10;524
56073;53;1060;17;1077
56074;53;1822;37;1859
56075;53;6091;300;6391
56076;53;1313;38;1351
56077;53;999;17;1016
56078;53;11767;309;12076
56079;53;1343;41;1384
56080;53;1305;143;1448
56081;53;2083;60;2143
56082;53;384;7;391
56083;53;16062;405;16467
56084;53;852;13;865
56085;53;94;6;100
56086;53;216;6;222
56087;53;620;18;638
56088;53;227;8;235
56089;53;2185;58;2243
56090;53;6548;135;6683
56091;53;2482;95;2577
56092;53;833;15;848
56093;53;720;26;746
56094;53;6786;216;7002
56096;53;2392;51;2443
56097;53;3961;70;4031
56098;53;23124;475;23599
56099;53;378;6;384
56100;53;1724;58;1782
56101;53;8064;151;8215
56102;53;2165;49;2214
56103;53;299;4;303
56104;53;801;11;812
56105;53;1144;23;1167
56106;53;874;18;892
56107;53;8319;243;8562
56108;53;1067;21;1088
56109;53;1167;27;1194
56110;53;846;21;867
56111;53;1312;22;1334
56112;53;736;15;751
56113;53;903;20;923
56114;53;931;30;961
56115;53;1708;39;1747
56116;53;1552;45;1597
56117;53;4505;238;4743
56118;53;4039;112;4151
56119;53;3464;63;3527
56120;53;1885;40;1925
56121;53;57246;1486;58732
56122;53;1621;42;1663
56123;53;2195;43;2238
56124;53;2470;78;2548
56125;53;1841;66;1907
56126;53;2421;28;2449
56127;53;3145;71;3216
56128;53;1521;27;1548
56129;53;1532;36;1568
56130;53;3238;70;3308
56131;53;1417;31;1448
56132;53;2262;53;2315
56133;53;1155;27;1182
56134;53;979;11;990
56135;53;1605;29;1634
56136;53;756;15;771
56137;53;3299;78;3377
56139;53;360;10;370
56140;53;3733;94;3827
56141;53;1733;37;1770
56143;53;5066;126;5192
56144;53;3483;63;3546
56145;53;1109;27;1136
56146;53;1390;49;1439
56147;53;4677;85;4762
56148;53;1576;32;1608
56149;53;2520;52;2572
56151;53;3605;116;3721
56152;53;2544;54;2598
56153;53;2712;43;2755
56154;53;1847;50;1897
56155;53;2019;26;2045
56156;53;351;6;357
56157;53;1953;55;2008
56158;53;6145;178;6323
56159;53;1820;43;1863
56160;53;1297;22;1319
56161;53;2988;89;3077
56162;53;17778;639;18417
56163;53;1209;26;1235
56164;53;6635;222;6857
56165;53;9791;564;10355
56166;53;5792;128;5920
56167;53;2522;82;2604
56168;53;2214;48;2262
56169;53;5386;125;5511
56170;53;1062;32;1094
56171;53;1532;26;1558
56172;53;2679;79;2758
56173;53;4355;97;4452
56174;53;2770;70;2840
56175;53;4178;94;4272
56176;53;5905;140;6045
56177;53;7676;141;7817
56178;53;15064;934;15998
56179;53;3844;85;3929
56180;53;729;16;745
56181;53;2654;100;2754
56182;53;967;181;1148
56184;53;7862;274;8136
56185;53;8770;238;9008
56186;53;4658;91;4749
56188;53;1416;23;1439
56189;53;1067;16;1083
56190;53;1964;52;2016
56191;53;411;10;421
56193;53;5821;144;5965
56194;53;2865;74;2939
56195;53;701;11;712
56196;53;641;13;654
56197;53;2758;75;2833
56198;53;1636;44;1680
56199;53;705;14;719
56200;53;1385;34;1419
56201;53;579;11;590
56202;53;529;14;543
56203;53;631;14;645
56204;53;632;8;640
56205;53;873;18;891
56206;53;11895;303;12198
56207;53;1160;17;1177
56208;53;304;10;314
56209;53;179;7;186
56210;53;480;6;486
56211;53;795;17;812
56212;53;2539;42;2581
56213;53;1144;30;1174
56214;53;1531;24;1555
56215;53;1106;25;1131
56216;53;393;4;397
56218;53;716;5;721
56219;53;1389;22;1411
56220;53;1262;30;1292
56221;53;1747;83;1830
56222;53;2836;140;2976
56223;53;1469;59;1528
56224;53;381;10;391
56225;53;202;8;210
56226;53;532;23;555
56227;53;584;14;598
56228;53;1106;48;1154
56229;53;1294;19;1313
56230;53;470;11;481
56231;53;3847;123;3970
56232;53;1074;41;1115
56233;53;1495;43;1538
56234;53;2056;39;2095
56236;53;812;18;830
56237;53;1865;77;1942
56238;53;369;9;378
56239;53;1563;42;1605
56240;53;8791;177;8968
56241;53;996;24;1020
56242;53;652;18;670
56243;53;8900;255;9155
56244;53;3066;40;3106
56245;53;463;14;477
56246;53;2104;44;2148
56247;53;3756;90;3846
56248;53;4724;96;4820
56249;53;2191;87;2278
56250;53;604;5;609
56251;53;8251;236;8487
56252;53;1210;8;1218
56253;53;640;25;665
56254;53;1308;19;1327
56255;53;2406;56;2462
56256;53;116;0;116
56257;53;671;17;688
56258;53;1622;47;1669
56259;53;1687;22;1709
56260;53;53719;1973;55692
56261;53;1489;30;1519
56262;53;2533;43;2576
56263;53;2770;126;2896
56264;53;384;10;394
57001;44;330;3;333
57002;44;70;1;71
57003;44;1400;20;1420
57004;44;79;1;80
57006;44;991;28;1019
57007;44;124;2;126
57008;44;204;7;211
57009;44;104;1;105
57010;44;156;2;158
57011;44;618;23;641
57012;44;6120;56;6176
57013;44;2535;51;2586
57014;44;370;7;377
57015;44;577;7;584
57016;44;389;8;397
57017;44;2098;23;2121
57018;44;132;8;140
57019;44;10416;72;10488
57020;44;305;3;308
57021;44;1518;30;1548
57022;44;1253;29;1282
57024;44;184;0;184
57025;44;527;7;534
57026;44;1070;18;1088
57027;44;126;3;129
57028;44;1339;39;1378
57029;44;215;3;218
57030;44;565;3;568
57031;44;899;15;914
57032;44;4704;53;4757
57033;44;537;15;552
57034;44;35;1;36
57035;44;117;3;120
57036;44;103;0;103
57037;44;269;5;274
57038;44;7048;63;7111
57039;44;2165;34;2199
57040;44;278;2;280
57041;44;2351;33;2384
57042;44;593;12;605
57043;44;1469;31;1500
57044;44;123;5;128
57045;44;109;1;110
57046;44;763;14;777
57047;44;1055;20;1075
57048;44;73;2;75
57049;44;4517;72;4589
57050;44;112;2;114
57051;44;368;4;372
57052;44;576;9;585
57053;44;111;6;117
57054;44;188;0;188
57055;44;536;3;539
57056;44;194;5;199
57057;44;608;6;614
57058;44;6562;65;6627
57059;44;51;2;53
57060;44;532;7;539
57061;44;1152;26;1178
57062;44;432;14;446
57063;44;216;8;224
57064;44;261;4;265
57065;44;220;6;226
57066;44;514;8;522
57067;44;2801;59;2860
57069;44;463;7;470
57070;44;248;2;250
57071;44;387;5;392
57072;44;622;8;630
57073;44;870;16;886
57074;44;824;17;841
57075;44;293;3;296
57076;44;508;17;525
57077;44;97;3;100
57079;44;445;9;454
57080;44;83;0;83
57081;44;131;1;132
57082;44;331;7;338
57083;44;1211;26;1237
57084;44;303;2;305
57085;44;384;2;386
57086;44;235;5;240
57087;44;248;4;252
57088;44;313;7;320
57089;44;4951;101;5052
57090;44;111;2;113
57091;44;1010;21;1031
57092;44;619;8;627
57093;44;646;12;658
57095;44;578;9;587
57096;44;2476;25;2501
57097;44;5580;71;5651
57098;44;239;13;252
57099;44;230;5;235
57100;44;174;5;179
57101;44;1248;24;1272
57102;44;3205;48;3253
57103;44;125;4;129
57104;44;1180;28;1208
57105;44;150;1;151
57106;44;3926;78;4004
57107;44;106;0;106
57108;44;318;5;323
57109;44;761;12;773
57110;44;430;2;432
57111;44;525;3;528
57112;44;85;1;86
57113;44;972;22;994
57114;44;425;15;440
57115;44;96;4;100
57116;44;95;1;96
57117;44;588;5;593
57118;44;167;6;173
57119;44;1191;31;1222
57120;44;123;3;126
57121;44;212;5;217
57122;44;685;11;696
57123;44;3415;44;3459
57124;44;2628;34;2662
57125;44;420;7;427
57126;44;325;10;335
57127;44;147;1;148
57128;44;321;3;324
57129;44;672;21;693
57130;44;75;1;76
57131;44;286;11;297
57132;44;2357;244;2601
57133;44;96;0;96
57134;44;1916;193;2109
57136;44;570;17;587
57137;44;812;14;826
57138;44;83;3;86
57139;44;291;6;297
57140;44;577;10;587
57141;44;91;0;91
57142;44;423;7;430
57143;44;3374;33;3407
57144;44;3380;42;3422
57145;44;326;5;331
57146;44;796;19;815
57147;44;338;14;352
57148;44;567;11;578
57149;44;200;4;204
57150;44;691;8;699
57151;44;153;2;155
57152;44;510;10;520
57153;44;2185;39;2224
57154;44;634;19;653
57155;44;3006;325;3331
57156;44;1172;11;1183
57158;44;246;1;247
57159;44;3871;56;3927
57160;44;13042;216;13258
57161;44;116;1;117
57162;44;864;14;878
57163;44;2430;47;2477
57165;44;690;9;699
57166;44;107;2;109
57167;44;371;6;377
57168;44;679;16;695
57169;44;497;16;513
57171;44;1148;9;1157
57172;44;282;1;283
57173;44;101;3;104
57174;44;96;1;97
57175;44;221;6;227
57176;44;1680;41;1721
57177;44;2800;232;3032
57178;44;346;6;352
57179;44;1828;33;1861
57180;44;345;7;352
57181;44;78;1;79
57182;44;96;3;99
57183;44;189;2;191
57186;44;954;11;965
57187;44;367;6;373
57188;44;419;77;496
57189;44;222;2;224
57190;44;418;4;422
57191;44;705;8;713
57192;44;1239;33;1272
57193;44;2157;25;2182
57194;44;1242;37;1279
57195;44;572;15;587
57196;44;420;11;431
57197;44;513;5;518
57198;44;193;3;196
57199;44;686;15;701
57200;44;399;10;409
57201;44;725;13;738
57202;44;1161;17;1178
57203;44;228;4;232
57204;44;530;10;540
57205;44;2506;31;2537
57206;44;14442;157;14599
57207;44;5493;56;5549
57208;44;1355;34;1389
57209;44;5154;84;5238
57210;44;686;17;703
57211;44;1179;12;1191
57212;44;730;9;739
57213;44;773;14;787
57214;44;414;7;421
57215;44;324;4;328
57216;44;144;5;149
57217;44;900;18;918
57218;44;1286;30;1316
57219;44;546;6;552
57220;44;119;2;121
57221;44;11972;93;12065
57222;44;1325;38;1363
57224;44;3949;69;4018
57225;44;140;0;140
57226;44;3095;40;3135
57227;44;21597;290;21887
57228;44;200;5;205
57229;44;156;3;159
57230;44;195;2;197
57231;44;99;0;99
57232;44;776;12;788
57233;44;85;1;86
57234;44;597;8;605
57235;44;1037;20;1057
57236;44;84;0;84
57237;44;304;7;311
57238;44;190;6;196
57239;44;432;6;438
57240;44;12725;120;12845
57241;44;166;8;174
57242;44;3028;35;3063
57244;44;491;11;502
57245;44;570;9;579
57246;44;215;4;219
57247;44;80;3;83
57248;44;87;1;88
57249;44;259;7;266
57250;44;1494;40;1534
57251;44;339;2;341
57252;44;480;10;490
57253;44;501;3;504
57254;44;1157;10;1167
57255;44;575;23;598
57256;44;827;4;831
57257;44;105;0;105
57258;44;118;1;119
57259;44;319;7;326
57260;44;3296;53;3349
57261;44;1350;40;1390
57262;44;647;7;654
57263;44;642;19;661
57264;44;411;6;417
57265;44;58;4;62
57266;44;150;4;154
57267;44;850;18;868
57268;44;123;4;127
57269;44;7559;67;7626
57270;44;583;13;596
57271;44;667;17;684
57272;44;88;5;93
57273;44;395;9;404
57274;44;856;20;876
57275;44;919;12;931
57276;44;328;5;333
57277;44;149;6;155
57278;44;66;0;66
57280;44;370;20;390
57281;44;246;5;251
57282;44;357;4;361
57283;44;9287;105;9392
57284;44;113;5;118
57286;44;305;9;314
57287;44;2226;44;2270
57288;44;2848;40;2888
57289;44;2875;67;2942
57290;44;180;2;182
57291;44;263;4;267
57292;44;20;0;20
57293;44;258;6;264
57294;44;198;8;206
57295;44;106;1;107
57296;44;1096;20;1116
57297;44;183;6;189
57298;44;382;7;389
57299;44;917;16;933
57300;44;330;7;337
57301;44;304;12;316
57302;44;189;1;190
57303;44;599;9;608
57304;44;355;11;366
57305;44;451;8;459
57306;44;16005;186;16191
57307;44;249;5;254
57308;44;149;5;154
57309;44;483;9;492
57310;44;190;4;194
57311;44;527;9;536
57312;44;506;8;514
57313;44;141;3;144
57314;44;496;3;499
57315;44;712;15;727
57316;44;744;16;760
57317;44;108;4;112
57318;44;215;5;220
57319;44;521;5;526
57320;44;183;3;186
57321;44;563;19;582
57322;44;466;6;472
57323;44;7779;167;7946
57324;44;617;22;639
57325;44;832;17;849
57326;44;333;4;337
57328;44;89;2;91
57329;44;433;11;444
57330;44;1283;21;1304
57331;44;543;10;553
57332;44;6283;61;6344
57333;44;827;23;850
57334;44;324;10;334
57335;44;221;4;225
57336;44;5229;56;5285
57337;44;593;17;610
57338;44;515;6;521
57339;44;367;6;373
57340;44;1345;20;1365
57341;44;707;16;723
57342;44;96;1;97
57343;44;1835;31;1866
57344;44;734;9;743
57345;44;422;31;453
57346;44;590;23;613
57347;44;174;3;177
57348;44;797;17;814
57349;44;154;3;157
57350;44;1438;20;1458
57351;44;1223;19;1242
57352;44;445;15;460
57353;44;72;1;73
57354;44;122;5;127
57355;44;806;17;823
57356;44;1198;22;1220
57357;44;404;2;406
57358;44;1080;22;1102
57359;44;170;4;174
57360;44;1199;33;1232
57361;44;598;17;615
57362;44;174;3;177
57364;44;312;7;319
57365;44;474;11;485
57366;44;139;2;141
57367;44;225;4;229
57368;44;3192;59;3251
57370;44;2256;39;2295
57371;44;584;7;591
57372;44;1357;15;1372
57373;44;932;27;959
57374;44;198;6;204
57375;44;186;1;187
57376;44;504;6;510
57377;44;243;4;247
57379;44;273;2;275
57380;44;106;3;109
57381;44;292;6;298
57382;44;557;6;563
57383;44;164;6;170
57384;44;620;18;638
57385;44;1220;22;1242
57386;44;345;7;352
57387;44;290;1;291
57388;44;267;4;271
57389;44;471;12;483
57390;44;1432;38;1470
57391;44;65;1;66
57392;44;527;4;531
57393;44;206;3;209
57394;44;340;12;352
57395;44;204;4;208
57396;44;736;28;764
57397;44;102;1;103
57398;44;502;8;510
57399;44;94;8;102
57401;44;85;1;86
57402;44;120;4;124
57403;44;123;0;123
57404;44;209;7;216
57405;44;53;1;54
57406;44;138;7;145
57407;44;591;6;597
57408;44;877;19;896
57409;44;673;15;688
57410;44;137;3;140
57411;44;334;1;335
57412;44;3955;64;4019
57413;44;3651;84;3735
57414;44;1147;26;1173
57415;44;1748;76;1824
57416;44;657;17;674
57417;44;68;0;68
57418;44;322;4;326
57419;44;904;23;927
57421;44;153;3;156
57422;44;880;11;891
57423;44;75;0;75
57424;44;233;2;235
57425;44;573;4;577
57426;44;896;8;904
57427;44;568;10;578
57428;44;2753;67;2820
57430;44;330;5;335
57431;44;401;3;404
57433;44;11668;127;11795
57434;44;488;9;497
57436;44;127;6;133
57437;44;631;15;646
57438;44;348;5;353
57439;44;602;13;615
57440;44;142;3;145
57441;44;2915;59;2974
57442;44;242;2;244
57443;44;6458;57;6515
57444;44;351;2;353
57445;44;701;9;710
57446;44;41;1;42
57447;44;10108;231;10339
57448;44;257;6;263
57449;44;598;6;604
57451;44;168;3;171
57452;44;1011;16;1027
57453;44;298;10;308
57454;44;1139;24;1163
57455;44;149;3;152
57456;44;674;24;698
57457;44;139;2;141
57459;44;286;2;288
57460;44;1481;26;1507
57461;44;273;8;281
57462;44;419;7;426
57463;44;118489;1846;120335
57464;44;968;28;996
57465;44;2264;53;2317
57466;44;659;10;669
57467;44;294;2;296
57468;44;689;10;699
57469;44;603;5;608
57470;44;5;0;5
57471;44;297;3;300
57472;44;148;0;148
57473;44;67;2;69
57474;44;5631;77;5708
57475;44;525;14;539
57476;44;410;6;416
57477;44;1621;43;1664
57478;44;87;0;87
57479;44;465;12;477
57480;44;21879;357;22236
57481;44;2732;18;2750
57482;44;1759;31;1790
57483;44;3408;84;3492
57484;44;2684;29;2713
57485;44;124;2;126
57486;44;117;1;118
57487;44;5007;61;5068
57488;44;562;9;571
57489;44;302;6;308
57490;44;345;4;349
57491;44;7506;65;7571
57492;44;451;8;459
57493;44;211;5;216
57494;44;239;0;239
57495;44;116;1;117
57496;44;335;5;340
57497;44;263;9;272
57498;44;2590;52;2642
57499;44;1357;30;1387
57500;44;43;0;43
57501;44;36;0;36
57502;44;330;12;342
57504;44;280;4;284
57505;44;1211;22;1233
57506;44;252;1;253
57507;44;266;2;268
57508;44;4515;53;4568
57509;44;479;10;489
57510;44;1072;10;1082
57511;44;1033;21;1054
57512;44;716;11;727
57513;44;150;1;151
57514;44;1194;25;1219
57515;44;1823;24;1847
57516;44;337;10;347
57517;44;283;4;287
57518;44;331;9;340
57519;44;160;3;163
57520;44;33;2;35
57521;44;2706;53;2759
57524;44;128;1;129
57525;44;55;1;56
57526;44;383;1;384
57527;44;356;4;360
57528;44;101;1;102
57529;44;3099;65;3164
57530;44;442;6;448
57531;44;743;13;756
57532;44;229;3;232
57533;44;874;18;892
57534;44;1842;124;1966
57535;44;1443;36;1479
57536;44;221;5;226
57537;44;6298;98;6396
57538;44;295;2;297
57539;44;46;3;49
57540;44;4729;240;4969
57541;44;593;17;610
57542;44;974;11;985
57543;44;1498;24;1522
57544;44;615;16;631
57545;44;2021;57;2078
57546;44;811;31;842
57547;44;699;9;708
57548;44;543;7;550
57549;44;733;14;747
57550;44;2478;65;2543
57551;44;213;1;214
57552;44;627;8;635
57553;44;630;4;634
57554;44;694;21;715
57555;44;111;0;111
57556;44;3089;45;3134
57557;44;1009;24;1033
57558;44;80;0;80
57559;44;176;0;176
57560;44;624;13;637
57561;44;737;19;756
57562;44;847;18;865
57563;44;256;2;258
57564;44;557;15;572
57565;44;995;20;1015
57566;44;2358;64;2422
57567;44;147;1;148
57568;44;1397;28;1425
57569;44;320;6;326
57570;44;423;5;428
57571;44;1049;31;1080
57572;44;2006;101;2107
57573;44;135;3;138
57574;44;512;13;525
57575;44;1357;29;1386
57576;44;770;65;835
57577;44;375;7;382
57578;44;496;6;502
57579;44;128;1;129
57580;44;187;2;189
57581;44;351;7;358
57582;44;2092;42;2134
57583;44;136;2;138
57584;44;652;17;669
57586;44;186;2;188
57587;44;250;5;255
57588;44;1265;32;1297
57589;44;2313;49;2362
57590;44;256;6;262
57591;44;9861;99;9960
57592;44;348;2;350
57593;44;1018;10;1028
57594;44;98;3;101
57595;44;50;1;51
57596;44;747;11;758
57597;44;2650;20;2670
57598;44;2005;52;2057
57599;44;362;9;371
57600;44;1408;24;1432
57601;44;1343;42;1385
57602;44;2431;54;2485
57603;44;1273;17;1290
57604;44;624;6;630
57605;44;299;2;301
57606;44;15415;352;15767
57607;44;761;10;771
57609;44;174;2;176
57610;44;303;6;309
57611;44;191;6;197
57612;44;240;5;245
57613;44;357;3;360
57614;44;709;4;713
57615;44;968;19;987
57616;44;3373;84;3457
57617;44;284;6;290
57618;44;653;20;673
57619;44;472;10;482
57620;44;4350;61;4411
57621;44;109;1;110
57622;44;1909;21;1930
57623;44;711;50;761
57624;44;584;31;615
57625;44;178;2;180
57626;44;531;8;539
57627;44;324;4;328
57628;44;4485;94;4579
57629;44;777;6;783
57630;44;12449;312;12761
57631;44;20635;470;21105
57633;44;1262;31;1293
57634;44;1507;39;1546
57635;44;364;7;371
57636;44;316;12;328
57637;44;304;9;313
57638;44;2491;40;2531
57639;44;540;9;549
57640;44;479;14;493
57641;44;303;4;307
57642;44;2675;53;2728
57643;44;199;6;205
57644;44;1753;42;1795
57645;44;1021;9;1030
57647;44;4163;57;4220
57648;44;493;5;498
57649;44;475;4;479
57650;44;1776;13;1789
57651;44;648;6;654
57652;44;552;6;558
57653;44;33;2;35
57654;44;693;11;704
57655;44;1119;57;1176
57656;44;382;7;389
57657;44;19;0;19
57658;44;1053;20;1073
57659;44;3232;56;3288
57660;44;11178;126;11304
57661;44;174;3;177
57662;44;100;5;105
57663;44;7781;187;7968
57664;44;61;2;63
57665;44;1060;19;1079
57666;44;7134;90;7224
57667;44;790;8;798
57668;44;1280;35;1315
57669;44;2473;44;2517
57670;44;135;1;136
57671;44;154;0;154
57672;44;40778;756;41534
57673;44;47;0;47
57674;44;174;5;179
57675;44;115;1;116
57676;44;93;1;94
57677;44;1047;18;1065
57678;44;2220;35;2255
57679;44;533;4;537
57680;44;1256;28;1284
57681;44;338;5;343
57682;44;11;0;11
57683;44;6926;47;6973
57684;44;513;10;523
57685;44;151;2;153
57686;44;250;2;252
57687;44;213;4;217
57689;44;314;5;319
57690;44;3019;66;3085
57691;44;86;4;90
57692;44;74;0;74
57693;44;823;19;842
57694;44;438;11;449
57695;44;521;9;530
57696;44;961;26;987
57697;44;315;9;324
57698;44;317;6;323
57700;44;504;8;512
57701;44;810;26;836
57702;44;168;0;168
57703;44;233;17;250
57704;44;650;15;665
57705;44;207;5;212
57706;44;549;14;563
57707;44;652;6;658
57708;44;1953;43;1996
57709;44;310;7;317
57711;44;418;7;425
57712;44;1283;105;1388
57713;44;248;8;256
57714;44;431;9;440
57715;44;377;11;388
57716;44;1741;34;1775
57717;44;186;3;189
57718;44;218;1;219
57719;44;79;3;82
57720;44;495;12;507
57721;44;346;9;355
57723;44;293;6;299
57724;44;3021;35;3056
57725;44;348;7;355
57726;44;382;4;386
57727;44;122;1;123
57728;44;253;3;256
57730;44;566;12;578
57731;44;2269;40;2309
57732;44;777;21;798
57733;44;2034;29;2063
57734;44;458;11;469
57736;44;614;8;622
57737;44;31;2;33
57738;44;405;6;411
57739;44;504;2;506
57740;44;807;12;819
57741;44;438;13;451
57742;44;1499;41;1540
57743;44;243;7;250
57745;44;931;21;952
57746;44;1548;36;1584
57747;44;269;7;276
57748;44;765;17;782
57749;44;156;6;162
57750;44;718;26;744
57751;44;14014;137;14151
57752;44;2986;51;3037
57753;44;60;1;61
57754;44;111;1;112
57755;44;98;1;99
57756;44;310;3;313
57757;44;17143;265;17408
57759;44;63;1;64
57760;44;844;20;864
57761;44;267;4;271
57762;44;707;6;713
57763;44;46;2;48
57764;44;1245;14;1259
57765;44;1057;16;1073
57767;44;1308;34;1342
58001;27;160;0;160
58002;27;905;13;918
58003;27;607;7;614
58004;27;377;9;386
58005;27;224;1;225
58006;27;244;3;247
58007;27;340;5;345
58008;27;169;5;174
58009;27;128;1;129
58010;27;683;12;695
58011;27;283;5;288
58012;27;574;11;585
58013;27;97;1;98
58014;27;67;1;68
58015;27;120;3;123
58016;27;141;3;144
58017;27;226;7;233
58018;27;47;0;47
58019;27;83;3;86
58020;27;253;4;257
58021;27;204;5;209
58023;27;175;3;178
58024;27;280;11;291
58025;27;162;7;169
58026;27;141;9;150
58027;27;121;3;124
58028;27;117;3;120
58029;27;81;0;81
58030;27;284;11;295
58031;27;299;3;302
58032;27;361;6;367
58033;27;296;8;304
58034;27;183;6;189
58035;27;302;2;304
58036;27;464;9;473
58037;27;592;36;628
58038;27;160;5;165
58039;27;236;3;239
58040;27;144;3;147
58041;27;171;5;176
58042;27;136;2;138
58043;27;54;0;54
58044;27;813;10;823
58045;27;158;1;159
58046;27;1713;25;1738
58047;27;661;16;677
58048;27;107;5;112
58049;27;83;2;85
58050;27;45;2;47
58051;27;1526;133;1659
58052;27;45;2;47
58053;27;325;7;332
58054;27;39;1;40
58055;27;761;15;776
58056;27;297;7;304
58057;27;1152;19;1171
58058;27;300;5;305
58059;27;4742;57;4799
58060;27;619;9;628
58061;27;122;1;123
58062;27;1932;384;2316
58063;27;546;10;556
58064;27;499;15;514
58065;27;905;16;921
58066;27;84;0;84
58067;27;1503;23;1526
58068;27;209;5;214
58069;27;160;4;164
58070;27;57;2;59
58071;27;138;7;145
58072;27;618;10;628
58073;27;122;6;128
58074;27;339;5;344
58075;27;215;4;219
58076;27;79;0;79
58077;27;374;6;380
58078;27;54;0;54
58079;27;3590;183;3773
58080;27;169;1;170
58081;27;276;4;280
58082;27;285;4;289
58083;27;1440;109;1549
58084;27;85;4;89
58085;27;753;13;766
58086;27;9589;238;9827
58087;27;706;8;714
58088;27;3724;87;3811
58089;27;189;7;196
58090;27;219;1;220
58092;27;395;9;404
58093;27;127;2;129
58094;27;448;4;452
58095;27;5233;175;5408
58096;27;495;9;504
58097;27;92;1;93
58098;27;112;4;116
58099;27;164;3;167
58101;27;190;2;192
58102;27;1575;27;1602
58103;27;470;8;478
58104;27;1466;24;1490
58105;27;308;6;314
58106;27;353;4;357
58107;27;144;2;146
58108;27;85;1;86
58109;27;748;14;762
58110;27;245;2;247
58111;27;106;0;106
58112;27;632;7;639
58113;27;98;3;101
58114;27;93;4;97
58115;27;227;6;233
58116;27;131;5;136
58117;27;4125;53;4178
58118;27;642;7;649
58119;27;82;3;85
58120;27;224;0;224
58121;27;3740;46;3786
58122;27;425;8;433
58123;27;129;9;138
58124;27;769;9;778
58125;27;95;2;97
58126;27;450;7;457
58127;27;188;3;191
58128;27;91;0;91
58129;27;176;5;181
58130;27;95;2;97
58131;27;2510;40;2550
58132;27;227;11;238
58133;27;73;2;75
58134;27;3202;38;3240
58135;27;102;0;102
58136;27;68;2;70
58137;27;68;0;68
58138;27;357;10;367
58139;27;116;0;116
58140;27;231;5;236
58141;27;71;0;71
58142;27;239;4;243
58143;27;144;5;149
58144;27;698;6;704
58145;27;1273;29;1302
58146;27;978;19;997
58147;27;278;5;283
58148;27;615;11;626
58149;27;1988;38;2026
58150;27;110;6;116
58151;27;3240;53;3293
58152;27;1395;27;1422
58153;27;71;2;73
58154;27;117;1;118
58155;27;561;17;578
58156;27;145;2;147
58157;27;282;16;298
58158;27;306;6;312
58159;27;197;3;200
58160;27;3724;201;3925
58161;27;144;0;144
58162;27;110;1;111
58163;27;185;3;188
58164;27;667;28;695
58165;27;160;7;167
58166;27;231;2;233
58168;27;441;5;446
58169;27;15;3;18
58170;27;122;2;124
58171;27;289;2;291
58172;27;122;2;124
58173;27;158;0;158
58174;27;120;2;122
58175;27;157;1;158
58176;27;634;23;657
58177;27;281;1;282
58178;27;153;2;155
58179;27;259;7;266
58180;27;513;3;516
58181;27;145;5;150
58182;27;1445;24;1469
58183;27;97;1;98
58184;27;103;1;104
58185;27;529;4;533
58186;27;69;1;70
58187;27;518;6;524
58188;27;114;3;117
58189;27;478;4;482
58190;27;105;2;107
58191;27;113;3;116
58192;27;218;9;227
58193;27;1410;31;1441
58194;27;33005;1064;34069
58195;27;279;1;280
58196;27;347;3;350
58197;27;159;1;160
58198;27;301;5;306
58199;27;154;4;158
58200;27;149;1;150
58201;27;143;3;146
58202;27;24;0;24
58203;27;63;1;64
58204;27;540;8;548
58205;27;600;7;607
58206;27;36;0;36
58207;27;970;32;1002
58208;27;296;10;306
58209;27;150;5;155
58210;27;301;4;305
58211;27;147;3;150
58212;27;328;4;332
58213;27;467;9;476
58214;27;2355;51;2406
58215;27;1606;24;1630
58216;27;158;3;161
58217;27;198;3;201
58218;27;1823;27;1850
58219;27;208;4;212
58220;27;654;10;664
58221;27;150;2;152
58222;27;159;1;160
58223;27;630;8;638
58224;27;89;4;93
58225;27;369;7;376
58226;27;131;2;133
58227;27;1225;25;1250
58228;27;580;4;584
58229;27;311;5;316
58230;27;71;0;71
58231;27;392;8;400
58232;27;1265;20;1285
58233;27;166;7;173
58234;27;144;1;145
58235;27;260;3;263
58236;27;135;2;137
58237;27;29;2;31
58238;27;2221;50;2271
58239;27;159;2;161
58240;27;77;2;79
58241;27;316;4;320
58242;27;125;0;125
58243;27;116;3;119
58244;27;217;7;224
58245;27;166;4;170
58246;27;714;13;727
58247;27;484;7;491
58248;27;214;5;219
58249;27;352;2;354
58250;27;1863;46;1909
58251;27;474;7;481
58252;27;127;3;130
58253;27;78;5;83
58254;27;570;13;583
58255;27;279;5;284
58256;27;376;13;389
58257;27;64;0;64
58258;27;561;6;567
58259;27;144;3;147
58260;27;1246;27;1273
58261;27;1059;20;1079
58262;27;212;7;219
58263;27;170;2;172
58264;27;1879;26;1905
58265;27;94;3;97
58266;27;155;0;155
58267;27;724;80;804
58268;27;196;5;201
58269;27;413;10;423
58270;27;351;6;357
58271;27;187;3;190
58272;27;108;4;112
58273;27;1434;40;1474
58274;27;115;3;118
58275;27;297;4;301
58276;27;221;3;224
58277;27;191;7;198
58278;27;1482;68;1550
58279;27;180;6;186
58280;27;598;16;614
58281;27;596;14;610
58282;27;333;11;344
58283;27;74;2;76
58284;27;38;2;40
58285;27;160;5;165
58286;27;575;10;585
58287;27;191;4;195
58288;27;102;2;104
58289;27;189;0;189
58290;27;46;1;47
58291;27;176;0;176
58292;27;167;0;167
58293;27;416;4;420
58294;27;119;2;121
58295;27;986;15;1001
58296;27;137;0;137
58297;27;243;1;244
58298;27;398;9;407
58299;27;219;3;222
58300;27;1746;35;1781
58301;27;298;5;303
58302;27;928;5;933
58303;27;9201;177;9378
58304;27;1103;200;1303
58305;27;135;2;137
58306;27;296;9;305
58307;27;179;4;183
58308;27;62;0;62
58309;27;407;8;415
58310;27;48;1;49
58311;27;242;6;248
58312;27;269;9;278
58313;27;80;4;84
59001;32;469;13;482
59002;32;4309;34;4343
59003;32;372;6;378
59004;32;1320;14;1334
59005;32;3456;59;3515
59006;32;216;8;224
59007;32;890;9;899
59008;32;10085;83;10168
59009;32;61957;656;62613
59010;32;259;2;261
59011;32;10471;112;10583
59012;32;3221;45;3266
59013;32;1517;16;1533
59014;32;13329;82;13411
59015;32;3177;27;3204
59016;32;2200;47;2247
59017;32;24909;360;25269
59018;32;1570;17;1587
59019;32;1061;12;1073
59021;32;1815;18;1833
59022;32;2261;32;2293
59023;32;546;7;553
59024;32;4551;29;4580
59025;32;1674;22;1696
59026;32;1166;17;1183
59027;32;1705;15;1720
59028;32;7239;34;7273
59029;32;1502;21;1523
59031;32;372;4;376
59032;32;7224;71;7295
59033;32;8840;240;9080
59034;32;2641;44;2685
59035;32;2371;46;2417
59036;32;4195;138;4333
59037;32;3630;34;3664
59038;32;1449;17;1466
59039;32;816;18;834
59041;32;2291;17;2308
59042;32;1791;29;1820
59043;32;15163;241;15404
59044;32;4777;49;4826
59045;32;167;4;171
59046;32;812;11;823
59047;32;349;3;352
59048;32;523;11;534
59049;32;437;7;444
59050;32;344;8;352
59051;32;6509;51;6560
59052;32;5086;44;5130
59053;32;3264;60;3324
59054;32;998;8;1006
59055;32;511;11;522
59056;32;851;23;874
59057;32;561;14;575
59058;32;1014;14;1028
59059;32;441;4;445
59060;32;234;3;237
59061;32;266;2;268
59062;32;164;6;170
59063;32;2004;20;2024
59064;32;1261;12;1273
59065;32;813;10;823
59066;32;156;5;161
59067;32;3600;44;3644
59068;32;3175;36;3211
59069;32;736;12;748
59070;32;371;4;375
59071;32;2263;47;2310
59072;32;256;6;262
59073;32;556;13;569
59074;32;2168;36;2204
59075;32;755;11;766
59076;32;310;5;315
59077;32;257;6;263
59078;32;624;6;630
59079;32;6809;34;6843
59080;32;2796;31;2827
59081;32;572;6;578
59082;32;1801;30;1831
59083;32;253;2;255
59084;32;2059;30;2089
59085;32;305;6;311
59086;32;2155;30;2185
59087;32;750;13;763
59088;32;1739;21;1760
59089;32;1424;30;1454
59090;32;9808;181;9989
59091;32;578;14;592
59092;32;3924;40;3964
59093;32;341;5;346
59094;32;7152;50;7202
59096;32;1661;39;1700
59097;32;402;5;407
59098;32;4804;54;4858
59099;32;1757;14;1771
59100;32;348;4;352
59101;32;387;11;398
59102;32;438;4;442
59103;32;521;9;530
59104;32;3194;22;3216
59105;32;1532;25;1557
59106;32;756;14;770
59107;32;4495;45;4540
59108;32;750;4;754
59109;32;771;9;780
59110;32;1421;30;1451
59111;32;399;4;403
59112;32;11258;40;11298
59113;32;1361;6;1367
59114;32;1667;15;1682
59115;32;709;4;713
59116;32;414;12;426
59117;32;1049;12;1061
59118;32;2456;25;2481
59119;32;609;9;618
59120;32;2019;32;2051
59121;32;618;7;625
59122;32;32176;618;32794
59123;32;1699;23;1722
59124;32;2499;41;2540
59125;32;404;9;413
59126;32;1685;14;1699
59127;32;145;5;150
59128;32;2537;30;2567
59129;32;2268;27;2295
59130;32;1151;19;1170
59131;32;7920;74;7994
59132;32;1020;13;1033
59133;32;1033;19;1052
59134;32;1246;10;1256
59135;32;2265;100;2365
59136;32;7030;141;7171
59137;32;805;8;813
59138;32;682;14;696
59139;32;14121;140;14261
59140;32;452;10;462
59141;32;567;15;582
59142;32;709;5;714
59143;32;8577;94;8671
59144;32;862;10;872
59145;32;772;12;784
59146;32;2973;41;3014
59147;32;49;2;51
59148;32;361;1;362
59149;32;1088;16;1104
59150;32;526;11;537
59151;32;1617;17;1634
59152;32;12788;99;12887
59153;32;9515;54;9569
59155;32;20851;293;21144
59156;32;2842;32;2874
59157;32;2205;20;2225
59158;32;3077;45;3122
59159;32;668;6;674
59160;32;4495;30;4525
59161;32;751;45;796
59162;32;665;21;686
59163;32;20881;276;21157
59164;32;247;8;255
59165;32;6400;98;6498
59166;32;1337;36;1373
59167;32;198;1;199
59168;32;4849;69;4918
59169;32;202;4;206
59170;32;5360;33;5393
59171;32;37;2;39
59172;32;19877;122;19999
59173;32;1818;25;1843
59174;32;330;2;332
59175;32;310;9;319
59176;32;326;3;329
59177;32;857;14;871
59178;32;39613;858;40471
59179;32;10293;32;10325
59180;32;1466;19;1485
59181;32;551;6;557
59182;32;266;6;272
59183;32;86279;1268;87547
59184;32;658;10;668
59185;32;1963;13;1976
59186;32;80;1;81
59187;32;268;5;273
59188;32;140;4;144
59189;32;1221;26;1247
59190;32;986;14;1000
59191;32;625;5;630
59192;32;847;47;894
59193;32;3108;25;3133
59194;32;1282;23;1305
59195;32;613;9;622
59196;32;1304;19;1323
59197;32;2236;22;2258
59198;32;248;0;248
59199;32;686;11;697
59200;32;504;6;510
59201;32;597;11;608
59202;32;5316;40;5356
59203;32;1587;9;1596
59204;32;484;4;488
59205;32;9682;43;9725
59206;32;3218;28;3246
59207;32;4208;28;4236
59208;32;304;10;314
59209;32;674;8;682
59210;32;2116;39;2155
59211;32;906;19;925
59212;32;6461;136;6597
59213;32;458;15;473
59214;32;1103;21;1124
59215;32;959;33;992
59216;32;350;8;358
59217;32;346;7;353
59218;32;1307;15;1322
59219;32;712;8;720
59220;32;18191;122;18313
59221;32;2545;69;2614
59222;32;2213;45;2258
59223;32;504;4;508
59224;32;1698;14;1712
59225;32;6809;69;6878
59226;32;1454;16;1470
59227;32;5510;50;5560
59228;32;1458;17;1475
59229;32;564;9;573
59230;32;5273;52;5325
59231;32;1058;13;1071
59232;32;426;4;430
59233;32;365;3;368
59234;32;5781;43;5824
59236;32;261;4;265
59237;32;986;23;1009
59238;32;1635;25;1660
59239;32;5598;93;5691
59240;32;127;3;130
59241;32;520;15;535
59242;32;674;7;681
59243;32;1220;18;1238
59244;32;1776;31;1807
59246;32;570;4;574
59247;32;1462;18;1480
59249;32;11563;191;11754
59250;32;2231;105;2336
59251;32;376;4;380
59252;32;2447;20;2467
59253;32;7499;41;7540
59254;32;880;12;892
59255;32;571;8;579
59256;32;3290;33;3323
59257;32;1041;15;1056
59258;32;2827;642;3469
59259;32;511;20;531
59260;32;4131;60;4191
59261;32;1758;29;1787
59262;32;2086;38;2124
59263;32;1049;26;1075
59264;32;730;11;741
59265;32;2308;36;2344
59266;32;4031;42;4073
59267;32;302;4;306
59268;32;5639;49;5688
59269;32;1475;25;1500
59270;32;482;7;489
59271;32;22522;209;22731
59272;32;5130;47;5177
59273;32;11014;188;11202
59274;32;482;4;486
59275;32;1267;36;1303
59276;32;4689;34;4723
59277;32;332;4;336
59278;32;4676;37;4713
59279;32;20743;114;20857
59280;32;788;10;798
59281;32;1281;12;1293
59282;32;407;11;418
59283;32;613;10;623
59284;32;3918;31;3949
59285;32;2680;20;2700
59286;32;14725;115;14840
59287;32;193;4;197
59288;32;2340;26;2366
59289;32;1521;33;1554
59290;32;394;1;395
59291;32;14517;97;14614
59292;32;3304;6;3310
59293;32;1413;18;1431
59294;32;314;7;321
59295;32;21408;457;21865
59296;32;354;10;364
59297;32;1979;9;1988
59299;32;18636;174;18810
59300;32;548;9;557
59301;32;4433;27;4460
59302;32;4127;29;4156
59303;32;2393;27;2420
59304;32;418;8;426
59305;32;1649;34;1683
59306;32;292;3;295
59307;32;903;5;908
59308;32;934;24;958
59309;32;4060;82;4142
59310;32;867;10;877
59311;32;561;7;568
59312;32;760;17;777
59313;32;1423;9;1432
59314;32;3562;21;3583
59315;32;886;12;898
59316;32;3337;47;3384
59317;32;7782;94;7876
59318;32;984;8;992
59319;32;3194;202;3396
59320;32;1635;12;1647
59321;32;676;5;681
59322;32;3371;31;3402
59323;32;1145;26;1171
59324;32;10344;111;10455
59325;32;854;16;870
59326;32;1163;21;1184
59327;32;6364;39;6403
59328;32;27400;435;27835
59329;32;5007;84;5091
59330;32;2392;42;2434
59331;32;3482;107;3589
59332;32;1819;7;1826
59333;32;249;9;258
59334;32;1621;23;1644
59335;32;2847;55;2902
59336;32;1372;13;1385
59337;32;683;21;704
59338;32;651;27;678
59339;32;9378;80;9458
59340;32;4207;97;4304
59341;32;435;7;442
59342;32;225;4;229
59343;32;9012;85;9097
59344;32;2516;10;2526
59345;32;2430;23;2453
59346;32;3050;21;3071
59347;32;537;16;553
59348;32;1426;15;1441
59349;32;1916;30;1946
59350;32;234475;1925;236400
59351;32;550;7;557
59352;32;8275;97;8372
59353;32;326;7;333
59354;32;714;13;727
59356;32;2230;48;2278
59357;32;2082;33;2115
59358;32;1190;23;1213
59359;32;6085;76;6161
59360;32;22866;241;23107
59361;32;3952;18;3970
59363;32;931;19;950
59364;32;869;12;881
59365;32;6371;39;6410
59366;32;775;15;790
59367;32;13643;151;13794
59368;32;21856;188;22044
59369;32;4066;40;4106
59370;32;711;11;722
59371;32;639;15;654
59372;32;489;6;495
59374;32;473;4;477
59375;32;4584;63;4647
59377;32;1900;25;1925
59378;32;38486;697;39183
59379;32;748;3;751
59381;32;812;20;832
59382;32;1444;15;1459
59383;32;12083;114;12197
59384;32;1428;23;1451
59385;32;2701;21;2722
59386;32;10798;69;10867
59387;32;1897;12;1909
59388;32;1998;24;2022
59389;32;2745;29;2774
59390;32;4109;45;4154
59391;32;881;5;886
59392;32;29589;283;29872
59393;32;1033;12;1045
59394;32;403;3;406
59395;32;305;4;309
59396;32;720;7;727
59397;32;606;12;618
59398;32;3199;136;3335
59399;32;1011;28;1039
59400;32;9641;89;9730
59401;32;2307;37;2344
59402;32;837;22;859
59403;32;718;12;730
59405;32;481;3;484
59406;32;455;6;461
59407;32;538;9;547
59408;32;1632;19;1651
59409;32;2521;20;2541
59410;32;21277;138;21415
59411;32;2115;37;2152
59412;32;276;4;280
59413;32;557;9;566
59414;32;4793;40;4833
59415;32;224;1;225
59416;32;2524;41;2565
59418;32;1595;7;1602
59419;32;1408;16;1424
59420;32;58;2;60
59421;32;13121;177;13298
59422;32;630;12;642
59423;32;1263;19;1282
59424;32;1309;5;1314
59425;32;302;8;310
59426;32;10264;68;10332
59427;32;640;10;650
59428;32;3782;40;3822
59429;32;2688;16;2704
59430;32;1088;12;1100
59431;32;7512;79;7591
59432;32;514;7;521
59433;32;917;13;930
59434;32;1351;17;1368
59435;32;2549;37;2586
59436;32;788;10;798
59437;32;858;12;870
59438;32;811;13;824
59439;32;271;5;276
59440;32;697;6;703
59441;32;660;6;666
59442;32;269;6;275
59443;32;385;5;390
59444;32;924;11;935
59445;32;1189;17;1206
59446;32;649;8;657
59447;32;8789;64;8853
59448;32;471;5;476
59449;32;8633;145;8778
59450;32;640;9;649
59451;32;553;3;556
59452;32;5454;26;5480
59453;32;677;14;691
59454;32;517;4;521
59455;32;1009;8;1017
59456;32;6088;262;6350
59457;32;8542;42;8584
59458;32;918;19;937
59459;32;4887;37;4924
59461;32;310;2;312
59462;32;4820;38;4858
59463;32;973;12;985
59464;32;2222;18;2240
59465;32;776;3;779
59466;32;2911;92;3003
59467;32;2469;27;2496
59468;32;425;4;429
59469;32;412;4;416
59470;32;2123;24;2147
59471;32;1993;24;2017
59472;32;837;10;847
59473;32;309;7;316
59474;32;1036;21;1057
59475;32;2220;26;2246
59476;32;3124;75;3199
59477;32;4403;40;4443
59478;32;1129;26;1155
59479;32;3077;26;3103
59480;32;870;20;890
59481;32;4870;120;4990
59482;32;6931;62;6993
59483;32;136;2;138
59484;32;6362;33;6395
59485;32;1802;21;1823
59486;32;2701;44;2745
59487;32;1401;19;1420
59488;32;2179;40;2219
59489;32;4008;55;4063
59490;32;177;2;179
59491;32;12324;64;12388
59492;32;602;7;609
59493;32;228;1;229
59494;32;162;1;163
59495;32;2446;24;2470
59496;32;242;1;243
59497;32;2120;30;2150
59498;32;352;8;360
59499;32;1977;33;2010
59500;32;373;5;378
59501;32;1261;26;1287
59502;32;1432;9;1441
59503;32;198;3;201
59504;32;3807;21;3828
59505;32;760;3;763
59506;32;469;7;476
59507;32;19294;120;19414
59508;32;13482;129;13611
59509;32;6037;48;6085
59511;32;1931;27;1958
59512;32;98828;466;99294
59513;32;456;7;463
59514;32;4072;53;4125
59515;32;655;6;661
59516;32;928;19;947
59517;32;771;14;785
59518;32;459;7;466
59519;32;1758;33;1791
59520;32;1436;25;1461
59521;32;443;8;451
59522;32;1937;38;1975
59523;32;2830;27;2857
59524;32;5481;51;5532
59525;32;2799;25;2824
59526;32;15870;164;16034
59527;32;13151;117;13268
59528;32;1565;17;1582
59529;32;354;8;362
59530;32;348;1;349
59531;32;340;3;343
59532;32;309;8;317
59533;32;1566;14;1580
59534;32;827;31;858
59535;32;1706;49;1755
59536;32;902;22;924
59537;32;506;9;515
59538;32;425;11;436
59539;32;985;18;1003
59541;32;1027;7;1034
59542;32;511;12;523
59543;32;1095;10;1105
59544;32;11276;159;11435
59545;32;1216;23;1239
59546;32;1160;29;1189
59547;32;853;9;862
59548;32;640;8;648
59549;32;327;3;330
59550;32;2945;22;2967
59551;32;1707;24;1731
59552;32;196;6;202
59553;32;5608;50;5658
59554;32;608;15;623
59555;32;1437;18;1455
59556;32;259;3;262
59557;32;2492;16;2508
59558;32;1688;19;1707
59559;32;1974;32;2006
59560;32;12463;94;12557
59562;32;544;7;551
59563;32;237;3;240
59564;32;3117;16;3133
59565;32;651;11;662
59566;32;4775;37;4812
59567;32;414;6;420
59568;32;476;8;484
59569;32;15428;109;15537
59570;32;923;35;958
59571;32;4290;108;4398
59572;32;1780;21;1801
59573;32;139;3;142
59574;32;11934;77;12011
59575;32;403;4;407
59576;32;1806;27;1833
59577;32;649;5;654
59578;32;1673;30;1703
59579;32;1371;25;1396
59580;32;4429;85;4514
59581;32;3672;54;3726
59582;32;948;23;971
59583;32;471;4;475
59584;32;957;12;969
59585;32;3465;34;3499
59586;32;6332;87;6419
59587;32;522;14;536
59588;32;8285;220;8505
59589;32;2999;25;3024
59590;32;912;14;926
59591;32;836;3;839
59592;32;3884;33;3917
59593;32;751;11;762
59594;32;1119;13;1132
59595;32;541;7;548
59596;32;509;17;526
59597;32;651;23;674
59598;32;3911;29;3940
59599;32;98656;689;99345
59600;32;903;14;917
59601;32;2771;66;2837
59602;32;1405;30;1435
59603;32;6292;88;6380
59604;32;824;7;831
59605;32;1443;24;1467
59606;32;43229;448;43677
59607;32;488;5;493
59608;32;1098;21;1119
59609;32;1564;21;1585
59610;32;1073;9;1082
59611;32;2483;55;2538
59612;32;510;10;520
59613;32;1464;14;1478
59614;32;1414;20;1434
59615;32;2512;42;2554
59616;32;10465;51;10516
59617;32;635;7;642
59618;32;881;6;887
59619;32;1046;15;1061
59620;32;661;6;667
59622;32;1187;17;1204
59623;32;691;4;695
59624;32;2142;26;2168
59625;32;396;4;400
59626;32;1287;21;1308
59627;32;1008;11;1019
59628;32;563;6;569
59629;32;1338;23;1361
59630;32;2636;40;2676
59631;32;2153;30;2183
59632;32;5610;39;5649
59633;32;282;7;289
59634;32;794;20;814
59635;32;363;6;369
59636;32;10608;104;10712
59637;32;1319;14;1333
59638;32;1330;15;1345
59639;32;1102;23;1125
59640;32;767;11;778
59641;32;1996;43;2039
59642;32;581;17;598
59643;32;237;2;239
59645;32;595;4;599
59646;32;20860;232;21092
59647;32;2599;29;2628
59648;32;15075;193;15268
59649;32;240;5;245
59650;32;40898;172;41070
59651;32;1637;12;1649
59652;32;409;1;410
59653;32;7771;64;7835
59654;32;7402;69;7471
59655;32;254;4;258
59656;32;5353;50;5403
59657;32;637;7;644
59658;32;522;7;529
59659;32;2855;33;2888
59660;32;3048;40;3088
59661;32;136;2;138
59662;32;1313;23;1336
59663;32;5672;83;5755
59664;32;317;4;321
59665;32;296;6;302
59666;32;1536;25;1561
59667;32;228;6;234
59668;32;1601;60;1661
59669;32;518;17;535
59670;32;1337;13;1350
60001;32;621;8;629
60002;32;807;24;831
60003;32;503;13;516
60004;32;405;7;412
60005;32;872;13;885
60006;32;1155;20;1175
60007;32;3044;97;3141
60008;32;378;163;541
60009;32;1622;30;1652
60010;32;1747;17;1764
60011;32;404;5;409
60012;32;3286;49;3335
60013;32;1393;29;1422
60014;32;172;5;177
60015;32;1154;14;1168
60016;32;274;8;282
60017;32;1208;25;1233
60019;32;414;12;426
60020;32;256;8;264
60021;32;549;8;557
60022;32;644;15;659
60023;32;547;17;564
60024;32;769;8;777
60025;32;1881;40;1921
60026;32;585;13;598
60027;32;537;14;551
60028;32;459;25;484
60029;32;2836;60;2896
60030;32;558;9;567
60031;32;270;8;278
60032;32;719;14;733
60033;32;888;39;927
60034;32;1156;17;1173
60035;32;250;4;254
60036;32;384;6;390
60037;32;509;7;516
60039;32;487;6;493
60040;32;646;11;657
60041;32;2318;55;2373
60042;32;1469;46;1515
60043;32;622;13;635
60044;32;1682;24;1706
60045;32;578;10;588
60046;32;339;7;346
60047;32;761;16;777
60048;32;266;5;271
60049;32;114;3;117
60050;32;348;9;357
60051;32;180;1;181
60052;32;98;3;101
60053;32;595;50;645
60054;32;867;21;888
60055;32;338;5;343
60056;32;66;1;67
60057;32;57071;1449;58520
60058;32;216;4;220
60059;32;206;6;212
60060;32;621;10;631
60061;32;84;5;89
60062;32;319;4;323
60063;32;787;37;824
60064;32;991;16;1007
60065;32;1633;32;1665
60066;32;205;10;215
60067;32;1005;20;1025
60068;32;3108;40;3148
60069;32;1120;39;1159
60070;32;453;10;463
60071;32;173;5;178
60072;32;316;12;328
60073;32;569;6;575
60074;32;1185;29;1214
60075;32;143;1;144
60076;32;522;7;529
60077;32;356;9;365
60078;32;108;2;110
60079;32;982;12;994
60081;32;476;9;485
60082;32;790;17;807
60083;32;989;23;1012
60084;32;187;1;188
60085;32;198;2;200
60086;32;2142;44;2186
60087;32;338;18;356
60088;32;4764;73;4837
60089;32;409;11;420
60090;32;383;7;390
60091;32;407;6;413
60092;32;217;5;222
60093;32;460;9;469
60094;32;317;6;323
60095;32;343;7;350
60097;32;206;6;212
60098;32;153;1;154
60099;32;172;3;175
60100;32;112;0;112
60101;32;653;13;666
60102;32;2011;40;2051
60103;32;4022;54;4076
60104;32;4221;115;4336
60105;32;421;8;429
60106;32;2667;39;2706
60107;32;3116;146;3262
60108;32;288;8;296
60109;32;255;4;259
60110;32;247;0;247
60111;32;153;2;155
60112;32;349;1;350
60113;32;198;2;200
60114;32;148;0;148
60115;32;878;16;894
60116;32;2961;38;2999
60117;32;314;13;327
60118;32;506;9;515
60119;32;1943;38;1981
60120;32;1198;24;1222
60121;32;159;4;163
60122;32;488;9;497
60123;32;480;0;480
60124;32;310;7;317
60125;32;765;19;784
60126;32;502;6;508
60127;32;399;3;402
60128;32;226;0;226
60129;32;1513;20;1533
60130;32;1037;23;1060
60131;32;106;2;108
60132;32;188;3;191
60133;32;543;4;547
60134;32;2621;25;2646
60135;32;1640;39;1679
60136;32;501;13;514
60137;32;295;3;298
60138;32;908;28;936
60139;32;10147;133;10280
60140;32;313;4;317
60141;32;10950;228;11178
60142;32;3140;90;3230
60143;32;3340;42;3382
60144;32;177;3;180
60145;32;473;13;486
60146;32;455;3;458
60147;32;816;34;850
60148;32;416;8;424
60149;32;2021;68;2089
60150;32;1212;18;1230
60151;32;3288;105;3393
60152;32;245;1;246
60153;32;102;0;102
60154;32;1588;58;1646
60155;32;3996;50;4046
60156;32;2224;46;2270
60157;32;10163;235;10398
60158;32;244;2;246
60159;32;40615;1028;41643
60160;32;725;13;738
60161;32;72;0;72
60162;32;320;8;328
60163;32;406;6;412
60164;32;870;10;880
60165;32;533;15;548
60166;32;1067;32;1099
60167;32;576;14;590
60168;32;211;2;213
60169;32;809;21;830
60170;32;569;35;604
60171;32;180;3;183
60172;32;3976;148;4124
60173;32;810;12;822
60174;32;211;3;214
60175;32;36169;259;36428
60176;32;14788;266;15054
60177;32;445;8;453
60178;32;3503;123;3626
60179;32;150;1;151
60180;32;502;4;506
60181;32;901;20;921
60182;32;178;4;182
60183;32;256;3;259
60184;32;207;10;217
60185;32;1116;10;1126
60186;32;252;4;256
60187;32;970;14;984
60188;32;2216;106;2322
60189;32;981;21;1002
60190;32;297;6;303
60191;32;625;5;630
60192;32;220;5;225
60193;32;210;2;212
60194;32;248;2;250
60195;32;500;11;511
60196;32;1017;16;1033
60197;32;889;7;896
60198;32;395;6;401
60199;32;256;8;264
60200;32;318;2;320
60201;32;241;3;244
60203;32;426;8;434
60204;32;306;4;310
60205;32;51;1;52
60206;32;857;14;871
60207;32;288;6;294
60208;32;124;7;131
60209;32;540;10;550
60210;32;260;8;268
60211;32;599;5;604
60212;32;1606;27;1633
60213;32;996;21;1017
60214;32;216;3;219
60215;32;594;13;607
60216;32;184;2;186
60217;32;218;4;222
60218;32;1610;13;1623
60219;32;167;2;169
60220;32;502;5;507
60221;32;711;7;718
60222;32;554;16;570
60223;32;3759;54;3813
60224;32;151;1;152
60225;32;808;42;850
60226;32;421;6;427
60227;32;227;2;229
60228;32;466;8;474
60229;32;227;4;231
60230;32;523;14;537
60231;32;424;14;438
60232;32;473;3;476
60233;32;1366;21;1387
60234;32;2575;28;2603
60235;32;661;20;681
60236;32;217;0;217
60237;32;89;1;90
60238;32;1886;84;1970
60239;32;568;12;580
60240;32;238;3;241
60241;32;336;15;351
60242;32;505;7;512
60243;32;173;6;179
60244;32;139;1;140
60245;32;2113;28;2141
60247;32;146;2;148
60248;32;214;6;220
60249;32;199;2;201
60250;32;428;14;442
60251;32;281;5;286
60252;32;526;3;529
60253;32;490;8;498
60254;32;549;16;565
60255;32;338;3;341
60256;32;1321;26;1347
60257;32;438;10;448
60258;32;162;6;168
60259;32;893;23;916
60260;32;679;21;700
60261;32;517;12;529
60262;32;246;6;252
60263;32;261;1;262
60264;32;515;15;530
60265;32;984;13;997
60267;32;177;5;182
60268;32;338;1;339
60269;32;347;5;352
60270;32;338;85;423
60271;32;85;2;87
60272;32;631;19;650
60273;32;532;19;551
60274;32;377;13;390
60275;32;223;0;223
60276;32;215;2;217
60277;32;1544;39;1583
60278;32;398;3;401
60279;32;200;5;205
60280;32;109;0;109
60281;32;550;14;564
60282;32;8978;385;9363
60283;32;25;0;25
60284;32;1792;59;1851
60285;32;306;15;321
60286;32;2820;78;2898
60287;32;354;4;358
60288;32;474;5;479
60289;32;265;4;269
60290;32;387;4;391
60291;32;1805;24;1829
60292;32;237;7;244
60293;32;373;8;381
60294;32;85;1;86
60295;32;449;9;458
60296;32;138;1;139
60297;32;188;2;190
60298;32;645;7;652
60299;32;540;8;548
60301;32;136;5;141
60302;32;789;23;812
60303;32;196;1;197
60304;32;273;9;282
60305;32;334;4;338
60306;32;153;3;156
60307;32;638;10;648
60308;32;468;9;477
60309;32;873;21;894
60310;32;628;27;655
60311;32;238;2;240
60312;32;115;2;117
60313;32;2509;41;2550
60314;32;324;5;329
60315;32;496;10;506
60316;32;243;7;250
60317;32;719;8;727
60318;32;667;13;680
60319;32;608;6;614
60320;32;258;3;261
60321;32;831;7;838
60322;32;322;5;327
60323;32;650;11;661
60324;32;877;11;888
60325;32;2300;64;2364
60326;32;602;22;624
60327;32;1039;16;1055
60328;32;309;9;318
60329;32;202;6;208
60330;32;1347;26;1373
60331;32;442;6;448
60332;32;710;9;719
60333;32;1660;37;1697
60334;32;870;14;884
60335;32;148;1;149
60336;32;192;3;195
60337;32;732;29;761
60338;32;4891;163;5054
60339;32;363;9;372
60340;32;531;18;549
60341;32;2050;55;2105
60342;32;4721;52;4773
60343;32;626;23;649
60344;32;501;9;510
60345;32;190;2;192
60346;32;8784;231;9015
60347;32;283;5;288
60348;32;514;9;523
60350;32;1382;24;1406
60351;32;119;2;121
60352;32;163;2;165
60353;32;195;1;196
60354;32;35;1;36
60355;32;1175;51;1226
60356;32;640;17;657
60357;32;551;7;558
60358;32;1008;26;1034
60359;32;196;3;199
60360;32;7010;65;7075
60361;32;591;20;611
60362;32;177;6;183
60363;32;221;1;222
60364;32;705;8;713
60365;32;422;5;427
60366;32;363;5;368
60367;32;333;8;341
60368;32;2604;59;2663
60369;32;2004;36;2040
60370;32;1311;14;1325
60371;32;151;1;152
60372;32;662;16;678
60373;32;777;19;796
60374;32;2678;31;2709
60375;32;399;10;409
60376;32;165;1;166
60377;32;290;8;298
60378;32;394;5;399
60379;32;614;15;629
60380;32;1604;24;1628
60381;32;256;3;259
60382;32;8676;177;8853
60383;32;538;12;550
60385;32;668;13;681
60386;32;480;8;488
60387;32;1475;10;1485
60388;32;133;6;139
60389;32;245;2;247
60390;32;327;6;333
60391;32;230;3;233
60392;32;772;17;789
60393;32;613;13;626
60394;32;105;1;106
60395;32;14452;182;14634
60396;32;631;5;636
60397;32;77;1;78
60398;32;2207;30;2237
60399;32;239;18;257
60400;32;270;7;277
60401;32;787;33;820
60402;32;2327;62;2389
60403;32;1814;31;1845
60404;32;1474;36;1510
60405;32;1147;16;1163
60406;32;830;16;846
60407;32;218;2;220
60408;32;787;13;800
60409;32;2181;39;2220
60410;32;247;8;255
60411;32;775;12;787
60412;32;677;12;689
60413;32;412;9;421
60414;32;13645;166;13811
60415;32;137;9;146
60416;32;174;2;176
60418;32;412;13;425
60420;32;481;11;492
60421;32;401;7;408
60422;32;199;11;210
60423;32;1126;26;1152
60424;32;264;4;268
60425;32;477;17;494
60426;32;245;2;247
60427;32;178;1;179
60428;32;643;27;670
60429;32;416;16;432
60430;32;1088;13;1101
60431;32;542;11;553
60432;32;868;29;897
60433;32;987;20;1007
60434;32;223;6;229
60435;32;490;4;494
60436;32;76;2;78
60437;32;82;0;82
60438;32;196;5;201
60439;32;5237;74;5311
60440;32;609;16;625
60441;32;696;7;703
60442;32;147;2;149
60443;32;582;4;586
60444;32;159;5;164
60445;32;317;3;320
60446;32;4201;61;4262
60447;32;656;14;670
60448;32;388;6;394
60449;32;280;4;284
60450;32;3970;44;4014
60451;32;1645;28;1673
60452;32;490;14;504
60454;32;959;31;990
60456;32;927;28;955
60457;32;155;2;157
60458;32;317;15;332
60459;32;206;3;209
60460;32;199;8;207
60461;32;189;24;213
60462;32;2829;44;2873
60463;32;20780;362;21142
60464;32;1092;16;1108
60465;32;183;6;189
60466;32;250;3;253
60468;32;311;4;315
60469;32;363;9;372
60470;32;890;14;904
60471;32;13190;260;13450
60472;32;119;1;120
60473;32;289;1;290
60474;32;285;5;290
60476;32;199;8;207
60477;32;1399;23;1422
60478;32;356;9;365
60479;32;677;10;687
60480;32;551;17;568
60481;32;605;13;618
60482;32;3351;90;3441
60483;32;528;52;580
60484;32;277;6;283
60485;32;240;5;245
60486;32;575;10;585
60487;32;332;15;347
60488;32;273;6;279
60489;32;1174;14;1188
60490;32;372;14;386
60491;32;1833;210;2043
60492;32;853;19;872
60493;32;506;11;517
60494;32;1882;41;1923
60495;32;409;5;414
60496;32;162;1;163
60497;32;212;0;212
60498;32;528;3;531
60499;32;231;5;236
60500;32;3833;55;3888
60501;32;1351;31;1382
60502;32;99;4;103
60503;32;112;3;115
60504;32;1125;16;1141
60505;32;849;21;870
60506;32;681;12;693
60507;32;451;10;461
60508;32;3242;74;3316
60509;32;12602;122;12724
60510;32;645;16;661
60511;32;398;12;410
60512;32;159;2;161
60513;32;3220;70;3290
60514;32;242;1;243
60515;32;377;12;389
60516;32;411;3;414
60517;32;852;12;864
60518;32;207;4;211
60519;32;176;5;181
60520;32;222;8;230
60521;32;401;16;417
60522;32;316;3;319
60523;32;918;25;943
60524;32;2541;23;2564
60525;32;127;5;132
60526;32;1071;13;1084
60527;32;145;1;146
60528;32;129;2;131
60529;32;76;0;76
60530;32;217;9;226
60531;32;1920;39;1959
60533;32;1700;28;1728
60534;32;630;23;653
60535;32;331;6;337
60536;32;136;8;144
60537;32;3705;174;3879
60538;32;306;4;310
60539;32;1548;21;1569
60540;32;625;15;640
60541;32;356;12;368
60542;32;992;16;1008
60543;32;119;1;120
60544;32;195;1;196
60545;32;531;8;539
60546;32;139;4;143
60547;32;627;17;644
60548;32;603;7;610
60549;32;220;6;226
60550;32;222;0;222
60551;32;299;7;306
60552;32;246;9;255
60553;32;273;7;280
60554;32;472;9;481
60555;32;53;0;53
60556;32;205;3;208
60557;32;308;6;314
60558;32;461;18;479
60559;32;829;9;838
60560;32;727;33;760
60561;32;196;6;202
60562;32;1594;27;1621
60563;32;595;6;601
60564;32;280;3;283
60565;32;518;4;522
60566;32;205;3;208
60567;32;1165;29;1194
60568;32;332;8;340
60569;32;188;9;197
60570;32;1563;24;1587
60571;32;83;3;86
60572;32;296;9;305
60573;32;332;2;334
60574;32;623;16;639
60575;32;3344;44;3388
60576;32;485;13;498
60577;32;1709;35;1744
60578;32;1080;17;1097
60579;32;322;7;329
60581;32;6055;46;6101
60582;32;771;20;791
60583;32;356;9;365
60584;32;4678;99;4777
60585;32;283;5;288
60586;32;1033;22;1055
60587;32;1463;28;1491
60588;32;375;6;381
60589;32;2847;115;2962
60590;32;1243;24;1267
60591;32;1556;63;1619
60592;32;708;8;716
60593;32;139;2;141
60594;32;279;6;285
60595;32;438;3;441
60596;32;247;2;249
60597;32;1732;32;1764
60598;32;1043;86;1129
60599;32;291;5;296
60600;32;639;7;646
60601;32;1041;16;1057
60602;32;59;6;65
60603;32;897;22;919
60604;32;267;2;269
60605;32;349;6;355
60608;32;104;1;105
60609;32;887;23;910
60610;32;768;13;781
60611;32;597;14;611
60612;32;14760;626;15386
60613;32;344;7;351
60614;32;205;6;211
60615;32;134;1;135
60616;32;2739;33;2772
60617;32;269;4;273
60618;32;283;10;293
60619;32;1166;26;1192
60620;32;450;9;459
60621;32;142;1;143
60622;32;482;5;487
60623;32;982;80;1062
60624;32;173;4;177
60625;32;570;12;582
60626;32;669;18;687
60627;32;259;3;262
60628;32;1067;22;1089
60629;32;196;9;205
60630;32;186;3;189
60631;32;1077;24;1101
60632;32;757;16;773
60633;32;418;2;420
60634;32;437;11;448
60635;32;1075;10;1085
60636;32;4484;74;4558
60637;32;513;5;518
60638;32;672;9;681
60639;32;1234;24;1258
60640;32;172;1;173
60641;32;1725;49;1774
60642;32;1068;32;1100
60643;32;1371;14;1385
60644;32;1935;31;1966
60645;32;306;5;311
60646;32;1308;32;1340
60647;32;2063;54;2117
60648;32;324;4;328
60650;32;532;25;557
60651;32;1890;31;1921
60652;32;929;10;939
60653;32;301;2;303
60654;32;267;5;272
60655;32;365;10;375
60656;32;286;3;289
60657;32;253;5;258
60658;32;691;10;701
60659;32;171;2;173
60660;32;403;11;414
60661;32;987;83;1070
60662;32;505;13;518
60663;32;257;3;260
60664;32;453;11;464
60665;32;2884;62;2946
60666;32;1135;26;1161
60667;32;3813;53;3866
60668;32;740;24;764
60669;32;489;13;502
60670;32;4707;115;4822
60671;32;360;20;380
60672;32;273;13;286
60673;32;209;1;210
60674;32;615;31;646
60675;32;433;6;439
60676;32;758;16;774
60677;32;255;4;259
60678;32;1165;22;1187
60679;32;155;6;161
60680;32;664;17;681
60681;32;466;18;484
60682;32;708;38;746
60683;32;394;16;410
60684;32;6434;64;6498
60685;32;1012;9;1021
60686;32;2318;57;2375
60687;32;372;9;381
60688;32;161;1;162
60689;32;1390;58;1448
60691;32;118;1;119
60692;32;146;2;148
60693;32;425;4;429
60695;32;1402;50;1452
60697;32;34;1;35
60698;32;280;9;289
60699;32;165;5;170
60700;32;1187;21;1208
60701;32;1283;8;1291
60702;32;248;3;251
60703;32;870;17;887
61001;28;25870;752;26622
61002;28;669;10;679
61005;28;281;6;287
61006;28;13395;353;13748
61007;28;4217;85;4302
61008;28;1268;45;1313
61010;28;120;6;126
61011;28;416;14;430
61012;28;217;5;222
61013;28;136;0;136
61014;28;247;9;256
61015;28;262;7;269
61017;28;79;0;79
61018;28;62;1;63
61020;28;214;7;221
61021;28;102;4;106
61023;28;611;24;635
61024;28;600;14;614
61026;28;185;8;193
61028;28;457;11;468
61029;28;840;23;863
61030;28;272;4;276
61032;28;334;8;342
61034;28;204;7;211
61035;28;274;2;276
61036;28;204;0;204
61037;28;132;3;135
61038;28;1468;19;1487
61039;28;129;1;130
61040;28;1074;30;1104
61041;28;209;3;212
61043;28;1096;21;1117
61044;28;451;16;467
61046;28;133;0;133
61048;28;125;4;129
61049;28;128;2;130
61050;28;592;22;614
61051;28;358;6;364
61052;28;188;4;192
61053;28;235;7;242
61054;28;253;4;257
61055;28;614;11;625
61056;28;166;1;167
61060;28;166;1;167
61061;28;1478;31;1509
61062;28;91;2;93
61063;28;1517;41;1558
61064;28;93;3;96
61066;28;107;5;112
61067;28;161;4;165
61068;28;207;1;208
61069;28;170;7;177
61070;28;815;26;841
61071;28;176;7;183
61072;28;203;4;207
61074;28;643;7;650
61075;28;1172;26;1198
61076;28;134;6;140
61077;28;866;16;882
61078;28;714;48;762
61079;28;1770;24;1794
61080;28;83;2;85
61081;28;889;25;914
61082;28;88;4;92
61084;28;170;4;174
61085;28;33;0;33
61086;28;107;0;107
61087;28;162;4;166
61088;28;46;1;47
61089;28;96;0;96
61091;28;892;22;914
61092;28;677;6;683
61093;28;1259;17;1276
61094;28;589;17;606
61095;28;530;8;538
61096;28;3051;110;3161
61097;28;517;15;532
61098;28;448;31;479
61099;28;247;8;255
61100;28;282;17;299
61101;28;202;9;211
61102;28;405;10;415
61103;28;173;1;174
61104;28;51;1;52
61105;28;186;7;193
61107;28;393;11;404
61108;28;168;4;172
61111;28;329;13;342
61113;28;63;1;64
61114;28;154;5;159
61116;28;2058;40;2098
61117;28;2490;48;2538
61118;28;123;5;128
61120;28;75;0;75
61121;28;293;8;301
61122;28;83;6;89
61123;28;221;5;226
61124;28;500;5;505
61126;28;509;10;519
61129;28;366;11;377
61130;28;458;13;471
61133;28;707;18;725
61137;28;132;5;137
61138;28;209;4;213
61139;28;303;11;314
61140;28;847;16;863
61141;28;410;17;427
61142;28;138;4;142
61143;28;2464;63;2527
61145;28;4196;124;4320
61146;28;398;5;403
61148;28;299;11;310
61149;28;387;8;395
61150;28;742;13;755
61151;28;394;11;405
61152;28;98;0;98
61153;28;2190;49;2239
61156;28;537;14;551
61158;28;148;2;150
61159;28;70;1;71
61160;28;186;5;191
61162;28;160;3;163
61163;28;1545;22;1567
61164;28;241;2;243
61165;28;746;14;760
61166;28;141;3;144
61167;28;3092;62;3154
61168;28;5186;402;5588
61169;28;14762;364;15126
61170;28;196;3;199
61171;28;103;1;104
61176;28;143;2;145
61178;28;54;2;56
61180;28;84;1;85
61181;28;1811;59;1870
61182;28;418;5;423
61183;28;141;3;144
61187;28;194;7;201
61188;28;91;5;96
61189;28;458;216;674
61190;28;74;1;75
61192;28;107;3;110
61193;28;282;3;285
61194;28;883;14;897
61195;28;192;4;196
61196;28;1565;51;1616
61197;28;135;4;139
61198;28;134;0;134
61199;28;328;7;335
61202;28;464;11;475
61203;28;902;26;928
61206;28;252;4;256
61207;28;606;23;629
61208;28;617;15;632
61209;28;420;2;422
61210;28;248;9;257
61211;28;2162;54;2216
61212;28;126;4;130
61213;28;275;10;285
61214;28;7961;239;8200
61215;28;356;7;363
61216;28;192;3;195
61217;28;53;1;54
61218;28;1793;54;1847
61219;28;158;1;159
61221;28;450;8;458
61222;28;759;20;779
61224;28;452;6;458
61225;28;29;0;29
61227;28;145;3;148
61228;28;770;16;786
61229;28;126;4;130
61230;28;2985;50;3035
61232;28;1118;39;1157
61233;28;228;7;235
61234;28;1129;37;1166
61237;28;316;1;317
61238;28;88;1;89
61240;28;368;4;372
61241;28;411;11;422
61242;28;223;10;233
61243;28;1388;43;1431
61244;28;269;12;281
61248;28;520;8;528
61251;28;155;6;161
61252;28;136;4;140
61255;28;533;12;545
61256;28;153;5;158
61257;28;119;2;121
61258;28;670;11;681
61259;28;73;0;73
61260;28;539;10;549
61261;28;169;3;172
61262;28;112;1;113
61263;28;207;7;214
61264;28;54;1;55
61265;28;165;4;169
61266;28;76;0;76
61267;28;205;3;208
61268;28;110;5;115
61269;28;484;8;492
61271;28;86;0;86
61272;28;22;1;23
61273;28;52;3;55
61274;28;238;6;244
61275;28;772;19;791
61276;28;156;6;162
61277;28;281;6;287
61278;28;1854;54;1908
61279;28;611;15;626
61281;28;255;7;262
61283;28;283;9;292
61284;28;222;2;224
61286;28;79;0;79
61287;28;720;19;739
61288;28;519;7;526
61289;28;50;0;50
61290;28;131;4;135
61291;28;63;0;63
61292;28;654;9;663
61293;28;3775;296;4071
61294;28;1153;27;1180
61295;28;162;2;164
61297;28;732;10;742
61298;28;314;11;325
61300;28;383;8;391
61301;28;212;1;213
61302;28;136;3;139
61303;28;517;13;530
61304;28;301;6;307
61307;28;227;2;229
61308;28;206;4;210
61309;28;2022;63;2085
61310;28;446;30;476
61314;28;669;17;686
61316;28;115;3;118
61317;28;179;5;184
61319;28;263;7;270
61321;28;420;6;426
61322;28;108;2;110
61323;28;128;2;130
61324;28;1162;14;1176
61326;28;308;6;314
61327;28;341;11;352
61328;28;268;5;273
61329;28;639;11;650
61330;28;185;3;188
61331;28;137;2;139
61332;28;315;43;358
61333;28;174;4;178
61336;28;103;7;110
61339;28;2140;32;2172
61341;28;1647;55;1702
61342;28;1406;30;1436
61344;28;1036;13;1049
61345;28;1903;42;1945
61346;28;203;6;209
61347;28;176;0;176
61348;28;372;6;378
61349;28;161;3;164
61350;28;160;8;168
61351;28;133;4;137
61352;28;175;5;180
61357;28;200;3;203
61358;28;225;5;230
61360;28;91;2;93
61361;28;173;6;179
61362;28;543;19;562
61363;28;58;2;60
61365;28;406;9;415
61366;28;134;2;136
61367;28;131;2;133
61369;28;1026;37;1063
61370;28;150;2;152
61371;28;135;2;137
61372;28;115;4;119
61373;28;245;8;253
61374;28;96;4;100
61375;28;1190;36;1226
61376;28;864;18;882
61379;28;233;5;238
61381;28;59;5;64
61382;28;1128;19;1147
61384;28;256;2;258
61385;28;338;8;346
61386;28;442;31;473
61387;28;539;18;557
61388;28;157;2;159
61389;28;1041;23;1064
61390;28;158;1;159
61391;28;3152;113;3265
61392;28;142;4;146
61393;28;135;5;140
61394;28;797;20;817
61395;28;238;7;245
61396;28;80;5;85
61397;28;3780;132;3912
61398;28;59;1;60
61399;28;73;3;76
61400;28;361;7;368
61401;28;106;4;110
61402;28;307;8;315
61404;28;629;21;650
61405;28;531;12;543
61406;28;316;5;321
61407;28;698;13;711
61408;28;329;9;338
61411;28;280;11;291
61412;28;676;15;691
61413;28;138;4;142
61414;28;888;21;909
61415;28;319;6;325
61416;28;77;1;78
61418;28;417;11;428
61419;28;216;7;223
61420;28;88;1;89
61421;28;661;18;679
61422;28;617;15;632
61423;28;642;27;669
61424;28;199;4;203
61425;28;145;2;147
61426;28;562;17;579
61427;28;194;4;198
61429;28;784;16;800
61432;28;607;22;629
61433;28;284;8;292
61435;28;272;4;276
61436;28;235;2;237
61438;28;174;5;179
61439;28;121;4;125
61440;28;828;35;863
61442;28;218;6;224
61443;28;689;15;704
61444;28;119;3;122
61445;28;668;10;678
61446;28;155;5;160
61447;28;1404;20;1424
61448;28;431;6;437
61450;28;72;1;73
61451;28;311;6;317
61452;28;175;0;175
61453;28;245;7;252
61454;28;598;16;614
61456;28;1670;49;1719
61457;28;479;8;487
61459;28;308;6;314
61460;28;960;10;970
61461;28;127;3;130
61462;28;1039;34;1073
61463;28;1726;34;1760
61464;28;4198;444;4642
61466;28;1478;39;1517
61467;28;338;11;349
61472;28;305;12;317
61473;28;267;6;273
61474;28;3700;80;3780
61475;28;668;15;683
61476;28;276;5;281
61479;28;157;4;161
61480;28;232;5;237
61481;28;75;3;78
61482;28;381;9;390
61483;28;2732;51;2783
61484;28;3432;73;3505
61485;28;198;7;205
61486;28;4882;87;4969
61487;28;299;4;303
61488;28;90;2;92
61490;28;302;1;303
61491;28;3092;50;3142
61492;28;119;4;123
61493;28;60;5;65
61494;28;1235;66;1301
61497;28;1768;29;1797
61498;28;101;4;105
61499;28;146;3;149
61500;28;124;4;128
61501;28;423;5;428
61502;28;99;0;99
61503;28;196;4;200
61505;28;214;6;220
61507;28;282;5;287
61508;28;3116;87;3203
61510;28;231;4;235
61512;28;106;3;109
62001;32;1877;38;1915
62002;32;229;3;232
62003;32;604;22;626
62004;32;7957;108;8065
62005;32;971;5;976
62006;32;311;5;316
62007;32;798;5;803
62008;32;808;11;819
62009;32;274;7;281
62010;32;250;0;250
62011;32;654;16;670
62012;32;255;4;259
62013;32;1899;35;1934
62014;32;9691;265;9956
62015;32;238;2;240
62016;32;190;5;195
62017;32;203;1;204
62018;32;267;5;272
62019;32;3923;42;3965
62020;32;624;11;635
62021;32;383;1;384
62022;32;314;10;324
62023;32;2890;30;2920
62024;32;984;12;996
62025;32;1946;30;1976
62026;32;117;9;126
62027;32;221;0;221
62028;32;628;8;636
62029;32;467;1;468
62030;32;300;4;304
62031;32;1554;23;1577
62032;32;4698;57;4755
62033;32;4377;25;4402
62034;32;2143;14;2157
62035;32;5836;46;5882
62036;32;748;17;765
62037;32;2751;87;2838
62038;32;4403;47;4450
62039;32;862;17;879
62040;32;9584;127;9711
62041;32;41694;788;42482
62042;32;1045;13;1058
62043;32;2027;28;2055
62044;32;784;8;792
62045;32;1472;19;1491
62046;32;742;6;748
62047;32;151;1;152
62048;32;10272;44;10316
62049;32;530;2;532
62050;32;1562;16;1578
62051;32;4678;32;4710
62052;32;454;13;467
62053;32;662;6;668
62054;32;588;7;595
62055;32;534;8;542
62056;32;634;5;639
62057;32;5434;53;5487
62058;32;199;5;204
62059;32;289;14;303
62060;32;2572;24;2596
62061;32;292;7;299
62062;32;54;1;55
62063;32;1833;31;1864
62064;32;166;2;168
62065;32;17625;139;17764
62066;32;35;2;37
62067;32;619;4;623
62068;32;325;7;332
62069;32;310;8;318
62070;32;260;5;265
62071;32;405;7;412
62072;32;227;3;230
62073;32;1423;25;1448
62074;32;232;8;240
62075;32;1294;30;1324
62076;32;218;1;219
62077;32;366;6;372
62078;32;1227;10;1237
62079;32;88;0;88
62080;32;3748;319;4067
62081;32;477;10;487
62082;32;312;4;316
62083;32;7544;44;7588
62084;32;212;8;220
62085;32;135;5;140
62086;32;385;7;392
62087;32;1002;22;1024
62088;32;328;6;334
62089;32;394;13;407
62090;32;129;5;134
62091;32;87;1;88
62092;32;403;3;406
62093;32;229;0;229
62094;32;409;4;413
62095;32;241;1;242
62096;32;571;3;574
62097;32;1002;14;1016
62099;32;5552;62;5614
62100;32;2089;27;2116
62101;32;138;1;139
62102;32;275;3;278
62103;32;130;2;132
62104;32;432;7;439
62105;32;566;16;582
62106;32;203;6;209
62107;32;356;9;365
62108;32;13482;331;13813
62109;32;220;1;221
62111;32;283;79;362
62112;32;516;8;524
62113;32;487;12;499
62114;32;168;4;172
62115;32;467;18;485
62116;32;184;1;185
62117;32;916;14;930
62118;32;143;4;147
62119;32;25039;349;25388
62120;32;467;8;475
62121;32;173;4;177
62122;32;357;4;361
62123;32;539;4;543
62124;32;453;5;458
62125;32;460;14;474
62126;32;9219;160;9379
62127;32;388;11;399
62128;32;4305;47;4352
62129;32;97;2;99
62130;32;651;13;664
62131;32;343;3;346
62132;32;4885;40;4925
62133;32;8177;41;8218
62134;32;111;2;113
62135;32;307;3;310
62137;32;98;1;99
62138;32;716;13;729
62139;32;4944;133;5077
62140;32;501;5;506
62141;32;877;13;890
62142;32;160;7;167
62143;32;49;1;50
62144;32;465;7;472
62145;32;444;6;450
62146;32;274;0;274
62147;32;410;5;415
62148;32;819;9;828
62149;32;245;8;253
62150;32;499;7;506
62151;32;512;10;522
62152;32;244;3;247
62153;32;645;7;652
62154;32;676;14;690
62155;32;639;14;653
62156;32;559;13;572
62157;32;79;3;82
62158;32;582;13;595
62160;32;40251;436;40687
62161;32;786;5;791
62162;32;606;6;612
62163;32;248;3;251
62164;32;1141;18;1159
62165;32;233;5;238
62166;32;624;7;631
62167;32;253;4;257
62168;32;845;12;857
62169;32;238;6;244
62170;32;2372;93;2465
62171;32;131;2;133
62172;32;360;3;363
62173;32;5088;63;5151
62174;32;1290;13;1303
62175;32;159;5;164
62176;32;655;18;673
62177;32;855;22;877
62178;32;21903;367;22270
62179;32;412;7;419
62180;32;291;6;297
62181;32;1445;90;1535
62182;32;235;7;242
62183;32;765;4;769
62184;32;282;3;285
62185;32;235;1;236
62186;32;12156;77;12233
62187;32;183;2;185
62188;32;2833;31;2864
62189;32;133;2;135
62190;32;1257;19;1276
62191;32;732;3;735
62192;32;431;7;438
62193;32;72509;625;73134
62194;32;5507;33;5540
62195;32;1540;20;1560
62196;32;614;11;625
62197;32;1779;16;1795
62198;32;342;10;352
62199;32;663;126;789
62200;32;1229;13;1242
62201;32;2730;40;2770
62202;32;667;98;765
62203;32;449;11;460
62204;32;1942;37;1979
62205;32;1273;27;1300
62206;32;289;15;304
62207;32;551;22;573
62208;32;71;2;73
62209;32;154;10;164
62211;32;220;4;224
62212;32;505;11;516
62213;32;780;11;791
62214;32;588;11;599
62215;32;17557;103;17660
62216;32;207;2;209
62217;32;2744;15;2759
62218;32;337;8;345
62219;32;159;4;163
62220;32;449;6;455
62221;32;249;5;254
62222;32;159;2;161
62223;32;291;5;296
62224;32;2831;27;2858
62225;32;606;11;617
62227;32;188;2;190
62228;32;327;3;330
62229;32;793;16;809
62230;32;971;13;984
62231;32;131;0;131
62232;32;904;15;919
62233;32;1125;14;1139
62234;32;222;4;226
62235;32;2485;89;2574
62236;32;341;9;350
62237;32;505;10;515
62238;32;84;1;85
62239;32;2602;34;2636
62240;32;2302;17;2319
62241;32;310;5;315
62242;32;96;5;101
62243;32;125;3;128
62244;32;5430;206;5636
62245;32;760;7;767
62246;32;154;0;154
62247;32;604;11;615
62248;32;469;6;475
62249;32;8104;39;8143
62250;32;10554;96;10650
62251;32;512;191;703
62252;32;2677;71;2748
62253;32;71;0;71
62254;32;602;15;617
62255;32;793;15;808
62256;32;152;2;154
62257;32;470;10;480
62258;32;266;5;271
62259;32;1970;24;1994
62260;32;330;3;333
62261;32;5059;93;5152
62262;32;1746;23;1769
62263;32;5681;112;5793
62264;32;1346;4;1350
62265;32;1183;16;1199
62266;32;89;2;91
62267;32;395;6;401
62268;32;4875;39;4914
62269;32;733;11;744
62270;32;6963;40;7003
62271;32;834;17;851
62272;32;311;2;313
62273;32;618;9;627
62274;32;5928;44;5972
62275;32;303;7;310
62276;32;5680;46;5726
62277;32;2926;12;2938
62278;32;615;19;634
62279;32;1347;125;1472
62280;32;329;2;331
62281;32;387;6;393
62282;32;180;0;180
62283;32;134;0;134
62284;32;1685;19;1704
62285;32;492;9;501
62286;32;506;4;510
62288;32;2165;44;2209
62289;32;704;21;725
62290;32;381;7;388
62291;32;2840;31;2871
62292;32;876;15;891
62293;32;234;5;239
62295;32;1623;27;1650
62296;32;281;2;283
62297;32;3696;46;3742
62298;32;548;10;558
62299;32;248;5;253
62300;32;2662;35;2697
62301;32;80;1;81
62302;32;234;2;236
62303;32;245;6;251
62304;32;332;2;334
62306;32;392;3;395
62307;32;217;9;226
62308;32;476;10;486
62309;32;1632;21;1653
62310;32;1755;19;1774
62311;32;2039;10;2049
62312;32;292;6;298
62313;32;917;6;923
62314;32;364;2;366
62315;32;348;9;357
62316;32;196;6;202
62317;32;454;3;457
62318;32;10912;113;11025
62319;32;258;3;261
62320;32;311;8;319
62321;32;4625;26;4651
62322;32;114;1;115
62323;32;1203;21;1224
62324;32;590;14;604
62325;32;961;20;981
62326;32;244;5;249
62327;32;609;4;613
62328;32;909;10;919
62329;32;1768;20;1788
62330;32;1283;24;1307
62331;32;1024;20;1044
62332;32;508;10;518
62333;32;387;6;393
62334;32;868;16;884
62335;32;516;5;521
62336;32;480;7;487
62337;32;222;5;227
62338;32;2698;55;2753
62339;32;111;1;112
62340;32;883;7;890
62341;32;420;8;428
62342;32;105;1;106
62343;32;265;2;267
62344;32;108;3;111
62345;32;99;1;100
62346;32;214;4;218
62347;32;129;3;132
62348;32;165;2;167
62349;32;1609;23;1632
62350;32;1131;20;1151
62351;32;6434;38;6472
62352;32;106;2;108
62353;32;236;6;242
62354;32;870;17;887
62355;32;581;5;586
62356;32;797;8;805
62357;32;71;1;72
62358;32;228;6;234
62359;32;580;13;593
62360;32;1389;14;1403
62361;32;3423;56;3479
62362;32;240;3;243
62363;32;382;9;391
62364;32;2352;242;2594
62365;32;201;0;201
62366;32;312;7;319
62367;32;830;37;867
62368;32;203;0;203
62369;32;784;17;801
62370;32;125;1;126
62371;32;2030;45;2075
62372;32;150;3;153
62373;32;1040;11;1051
62374;32;153;8;161
62375;32;91;1;92
62376;32;2508;38;2546
62377;32;956;7;963
62378;32;200;4;204
62379;32;326;8;334
62380;32;347;1;348
62381;32;132;2;134
62382;32;652;13;665
62383;32;1386;19;1405
62384;32;646;8;654
62385;32;385;5;390
62386;32;6799;32;6831
62387;32;360;10;370
62388;32;297;1;298
62389;32;30;2;32
62390;32;1531;44;1575
62391;32;1399;14;1413
62392;32;361;9;370
62393;32;1097;21;1118
62395;32;133;4;137
62396;32;15;1;16
62397;32;5618;79;5697
62398;32;273;12;285
62399;32;659;14;673
62400;32;4837;37;4874
62401;32;4398;33;4431
62402;32;313;6;319
62403;32;1206;15;1221
62404;32;203;2;205
62405;32;481;10;491
62406;32;263;8;271
62407;32;959;13;972
62408;32;1457;18;1475
62409;32;195;3;198
62410;32;182;6;188
62411;32;53;0;53
62412;32;1209;6;1215
62413;32;12237;92;12329
62414;32;219;2;221
62415;32;435;9;444
62416;32;216;1;217
62418;32;312;8;320
62419;32;179;1;180
62421;32;405;11;416
62422;32;520;6;526
62423;32;1720;30;1750
62424;32;314;11;325
62425;32;137;4;141
62426;32;183;2;185
62427;32;25992;374;26366
62428;32;524;7;531
62429;32;287;4;291
62430;32;166;2;168
62432;32;398;8;406
62433;32;87;6;93
62434;32;141;5;146
62435;32;106;1;107
62436;32;164;3;167
62437;32;307;7;314
62438;32;533;8;541
62439;32;424;3;427
62440;32;1200;21;1221
62441;32;209;2;211
62442;32;565;5;570
62443;32;6245;41;6286
62444;32;228;6;234
62445;32;823;17;840
62446;32;718;22;740
62447;32;2216;14;2230
62448;32;1902;28;1930
62449;32;159;6;165
62450;32;231;6;237
62451;32;498;10;508
62452;32;1360;36;1396
62453;32;126;3;129
62454;32;2400;47;2447
62455;32;112;1;113
62456;32;710;12;722
62457;32;7110;57;7167
62458;32;1147;13;1160
62459;32;238;4;242
62460;32;272;7;279
62461;32;884;10;894
62462;32;144;5;149
62463;32;443;37;480
62464;32;3405;18;3423
62465;32;222;0;222
62466;32;232;1;233
62467;32;180;0;180
62468;32;218;2;220
62469;32;593;7;600
62470;32;86;0;86
62471;32;1066;22;1088
62472;32;161;6;167
62473;32;8717;78;8795
62474;32;1160;21;1181
62475;32;248;3;251
62476;32;1049;11;1060
62477;32;729;17;746
62478;32;279;5;284
62479;32;1660;14;1674
62480;32;2893;22;2915
62481;32;154;3;157
62483;32;247;2;249
62484;32;323;6;329
62485;32;369;1;370
62486;32;1062;14;1076
62487;32;1268;22;1290
62488;32;769;20;789
62489;32;3471;29;3500
62490;32;276;3;279
62491;32;4979;83;5062
62492;32;243;3;246
62493;32;233;4;237
62494;32;47;1;48
62495;32;331;6;337
62496;32;234;6;240
62497;32;7248;50;7298
62498;32;31461;187;31648
62499;32;287;8;295
62500;32;409;3;412
62501;32;219;2;221
62502;32;4728;73;4801
62503;32;293;6;299
62504;32;256;7;263
62505;32;498;9;507
62506;32;1625;20;1645
62507;32;295;6;301
62508;32;380;10;390
62509;32;330;5;335
62510;32;30112;363;30475
62511;32;141;1;142
62512;32;574;15;589
62513;32;190;6;196
62514;32;247;3;250
62515;32;521;17;538
62516;32;9810;88;9898
62517;32;196;6;202
62518;32;165;1;166
62519;32;605;8;613
62520;32;2396;58;2454
62521;32;206;4;210
62522;32;271;3;274
62523;32;5366;52;5418
62524;32;1487;18;1505
62525;32;10563;519;11082
62526;32;144;2;146
62527;32;253;6;259
62528;32;6879;62;6941
62529;32;1568;18;1586
62530;32;535;9;544
62531;32;950;19;969
62532;32;1291;13;1304
62533;32;146;3;149
62534;32;3601;74;3675
62535;32;154;8;162
62536;32;643;5;648
62537;32;108;4;112
62538;32;444;9;453
62539;32;242;3;245
62540;32;1707;15;1722
62541;32;121;4;125
62542;32;202;4;206
62543;32;2004;32;2036
62544;32;182;1;183
62545;32;147;0;147
62546;32;296;16;312
62547;32;62;1;63
62548;32;10529;125;10654
62549;32;1079;64;1143
62550;32;1099;20;1119
62551;32;237;2;239
62552;32;1030;8;1038
62553;32;284;6;290
62554;32;105;0;105
62555;32;5542;26;5568
62556;32;308;4;312
62557;32;2457;55;2512
62558;32;176;1;177
62559;32;964;14;978
62560;32;5083;61;5144
62561;32;194;1;195
62562;32;174;3;177
62563;32;8033;42;8075
62564;32;469;9;478
62565;32;77;0;77
62566;32;670;17;687
62567;32;637;9;646
62568;32;716;10;726
62569;32;662;6;668
62570;32;11267;69;11336
62571;32;3401;70;3471
62572;32;624;10;634
62573;32;3748;23;3771
62574;32;232;5;237
62576;32;144;0;144
62577;32;81;2;83
62578;32;95;2;97
62579;32;550;5;555
62580;32;515;11;526
62581;32;298;3;301
62582;32;647;37;684
62583;32;568;9;577
62584;32;1337;33;1370
62585;32;399;5;404
62586;32;451;5;456
62587;32;10180;54;10234
62588;32;1935;124;2059
62589;32;1014;20;1034
62590;32;61;0;61
62591;32;209;5;214
62592;32;557;12;569
62593;32;91;0;91
62594;32;307;3;310
62595;32;1131;29;1160
62596;32;243;5;248
62597;32;283;3;286
62598;32;727;7;734
62599;32;223;7;230
62600;32;150;3;153
62601;32;351;5;356
62602;32;203;2;205
62603;32;1029;8;1037
62604;32;3745;72;3817
62605;32;27;0;27
62606;32;1450;12;1462
62607;32;66;3;69
62608;32;168;1;169
62609;32;1571;37;1608
62610;32;649;9;658
62611;32;502;8;510
62612;32;581;12;593
62613;32;890;9;899
62614;32;580;14;594
62615;32;288;5;293
62616;32;182;2;184
62617;32;11575;70;11645
62618;32;1315;14;1329
62619;32;147;2;149
62620;32;1384;22;1406
62621;32;1700;30;1730
62622;32;258;3;261
62623;32;704;8;712
62624;32;5773;32;5805
62625;32;56;2;58
62626;32;2329;20;2349
62627;32;820;20;840
62628;32;6632;47;6679
62629;32;165;1;166
62630;32;299;5;304
62631;32;496;8;504
62632;32;380;6;386
62633;32;251;3;254
62634;32;1178;19;1197
62635;32;200;2;202
62636;32;267;14;281
62637;32;9993;48;10041
62638;32;1195;14;1209
62639;32;388;9;397
62640;32;381;1;382
62641;32;220;3;223
62642;32;763;9;772
62643;32;13378;170;13548
62644;32;503;7;510
62645;32;5583;84;5667
62646;32;570;7;577
62647;32;745;15;760
62648;32;508;11;519
62649;32;756;10;766
62650;32;754;8;762
62651;32;486;6;492
62652;32;1633;29;1662
62653;32;418;19;437
62654;32;782;11;793
62655;32;308;7;315
62656;32;947;27;974
62657;32;499;7;506
62658;32;119;9;128
62659;32;95;3;98
62660;32;460;7;467
62661;32;506;9;515
62662;32;864;21;885
62663;32;305;4;309
62664;32;236;5;241
62665;32;215;6;221
62666;32;3134;17;3151
62667;32;9071;114;9185
62668;32;190;2;192
62669;32;314;5;319
62670;32;618;7;625
62671;32;321;4;325
62672;32;652;5;657
62673;32;647;8;655
62674;32;555;18;573
62675;32;275;2;277
62676;32;451;7;458
62677;32;347;5;352
62678;32;691;3;694
62679;32;318;8;326
62680;32;731;13;744
62681;32;627;23;650
62682;32;64;0;64
62683;32;236;3;239
62684;32;2234;31;2265
62685;32;270;163;433
62686;32;359;6;365
62688;32;4307;117;4424
62689;32;393;2;395
62690;32;239;7;246
62691;32;813;13;826
62692;32;367;4;371
62693;32;1076;22;1098
62694;32;188;2;190
62695;32;263;2;265
62696;32;236;3;239
62697;32;229;0;229
62698;32;273;5;278
62699;32;644;13;657
62700;32;215;1;216
62701;32;451;2;453
62702;32;357;6;363
62703;32;384;3;387
62704;32;598;18;616
62705;32;2092;16;2108
62706;32;2646;57;2703
62708;32;32;1;33
62709;32;253;5;258
62710;32;169;4;173
62711;32;3038;30;3068
62712;32;1127;29;1156
62713;32;1342;23;1365
62714;32;784;18;802
62715;32;287;0;287
62716;32;540;6;546
62717;32;534;10;544
62718;32;1413;22;1435
62719;32;281;35;316
62720;32;44;2;46
62721;32;1936;49;1985
62722;32;89;3;92
62723;32;239;1;240
62724;32;8945;37;8982
62725;32;139;0;139
62726;32;203;5;208
62727;32;1542;23;1565
62728;32;683;11;694
62729;32;250;6;256
62730;32;1626;22;1648
62731;32;283;3;286
62732;32;330;2;332
62733;32;310;2;312
62734;32;689;8;697
62735;32;2404;17;2421
62736;32;3910;72;3982
62737;32;6060;34;6094
62738;32;157;4;161
62739;32;325;3;328
62740;32;304;9;313
62741;32;119;3;122
62742;32;269;6;275
62743;32;389;8;397
62744;32;3562;58;3620
62745;32;159;1;160
62746;32;5130;65;5195
62747;32;619;16;635
62748;32;2292;41;2333
62749;32;334;6;340
62750;32;810;9;819
62751;32;796;9;805
62752;32;1130;26;1156
62753;32;6542;64;6606
62754;32;474;4;478
62755;32;3410;52;3462
62756;32;1649;30;1679
62757;32;5923;134;6057
62758;32;11136;182;11318
62759;32;473;8;481
62760;32;279;7;286
62761;32;210;4;214
62762;32;121;5;126
62763;32;863;16;879
62764;32;4687;53;4740
62765;32;14903;656;15559
62766;32;1115;12;1127
62767;32;4909;161;5070
62768;32;105;2;107
62769;32;760;14;774
62770;32;3062;86;3148
62771;32;9594;41;9635
62772;32;479;25;504
62773;32;4666;147;4813
62774;32;4845;128;4973
62775;32;349;2;351
62776;32;195;4;199
62777;32;167;1;168
62778;32;78;1;79
62779;32;187;1;188
62780;32;364;3;367
62781;32;461;3;464
62782;32;435;8;443
62783;32;317;5;322
62784;32;775;12;787
62785;32;895;185;1080
62786;32;329;3;332
62787;32;317;3;320
62788;32;693;16;709
62789;32;281;1;282
62790;32;162;4;166
62791;32;51;0;51
62792;32;1151;32;1183
62793;32;1120;19;1139
62794;32;595;11;606
62795;32;112;2;114
62796;32;557;12;569
62797;32;272;3;275
62798;32;239;7;246
62799;32;882;27;909
62800;32;377;3;380
62801;32;2594;49;2643
62802;32;175;2;177
62803;32;637;5;642
62804;32;369;5;374
62805;32;269;1;270
62806;32;151;4;155
62808;32;257;0;257
62809;32;137;3;140
62810;32;1207;36;1243
62811;32;1099;25;1124
62812;32;831;7;838
62813;32;506;2;508
62814;32;101;1;102
62815;32;174;0;174
62816;32;220;5;225
62817;32;1435;119;1554
62818;32;154;1;155
62819;32;1084;30;1114
62820;32;816;19;835
62821;32;294;7;301
62822;32;92;3;95
62823;32;173;5;178
62824;32;212;5;217
62825;32;838;8;846
62826;32;4227;274;4501
62827;32;1400;17;1417
62828;32;59;0;59
62829;32;433;3;436
62830;32;176;2;178
62831;32;300;7;307
62832;32;563;18;581
62833;32;77;2;79
62834;32;249;4;253
62835;32;554;19;573
62836;32;1054;29;1083
62837;32;506;8;514
62838;32;90;3;93
62839;32;1023;9;1032
62840;32;133;0;133
62841;32;2436;24;2460
62842;32;8479;44;8523
62843;32;236;2;238
62844;32;634;14;648
62845;32;483;4;487
62846;32;4765;41;4806
62847;32;2019;24;2043
62848;32;3501;34;3535
62849;32;2491;54;2545
62850;32;344;6;350
62851;32;805;19;824
62852;32;1420;11;1431
62853;32;381;10;391
62854;32;599;10;609
62855;32;255;1;256
62856;32;366;4;370
62857;32;130;9;139
62858;32;257;5;262
62859;32;261;4;265
62860;32;121;3;124
62861;32;4358;79;4437
62862;32;156;3;159
62863;32;3773;33;3806
62864;32;649;15;664
62865;32;4675;52;4727
62866;32;438;15;453
62867;32;269;7;276
62868;32;259;6;265
62869;32;1083;32;1115
62870;32;1029;24;1053
62871;32;256;1;257
62872;32;233;5;238
62873;32;642;10;652
62874;32;716;15;731
62875;32;1363;23;1386
62876;32;134;2;136
62877;32;159;5;164
62878;32;379;7;386
62879;32;233;3;236
62880;32;202;3;205
62881;32;377;10;387
62882;32;1239;34;1273
62883;32;195;0;195
62885;32;256;1;257
62886;32;267;3;270
62887;32;243;1;244
62888;32;225;0;225
62889;32;872;19;891
62890;32;183;1;184
62891;32;136;4;140
62892;32;649;20;669
62893;32;6343;162;6505
62894;32;3987;80;4067
62895;32;8756;64;8820
62896;32;738;21;759
62897;32;511;9;520
62898;32;220;9;229
62899;32;854;17;871
62900;32;587;15;602
62901;32;993;13;1006
62902;32;3292;53;3345
62903;32;620;4;624
62904;32;593;10;603
62905;32;987;48;1035
62906;32;1784;22;1806
62907;32;8321;40;8361
62908;32;1616;38;1654
62909;32;434;5;439
63001;84;2767;34;2801
63002;84;94;0;94
63003;84;6655;245;6900
63004;84;1694;29;1723
63005;84;407;5;412
63006;84;173;2;175
63007;84;164;3;167
63008;84;585;10;595
63009;84;592;6;598
63010;84;1817;39;1856
63011;84;221;12;233
63012;84;912;17;929
63013;84;924;12;936
63014;84;10904;154;11058
63015;84;236;2;238
63016;84;887;25;912
63017;84;195;1;196
63019;84;4095;39;4134
63020;84;362;12;374
63021;84;690;8;698
63022;84;2004;28;2032
63023;84;377;10;387
63024;84;182;4;186
63025;84;139;5;144
63026;84;2466;46;2512
63027;84;111;1;112
63028;84;416;16;432
63029;84;258;3;261
63030;84;340;6;346
63031;84;467;5;472
63032;84;10664;225;10889
63033;84;306;2;308
63034;84;1537;27;1564
63035;84;1238;19;1257
63036;84;319;4;323
63037;84;455;14;469
63038;84;1497;68;1565
63039;84;289;10;299
63040;84;4777;81;4858
63041;84;320;9;329
63042;84;3840;57;3897
63043;84;440;3;443
63044;84;429;7;436
63045;84;689;17;706
63046;84;292;4;296
63047;84;1768;36;1804
63048;84;865;27;892
63049;84;729;7;736
63050;84;3362;122;3484
63051;84;628;13;641
63052;84;1039;86;1125
63053;84;261;11;272
63054;84;693;17;710
63055;84;982;16;998
63056;84;336;4;340
63057;84;242;6;248
63058;84;534;9;543
63059;84;218;5;223
63060;84;91;0;91
63061;84;469;7;476
63062;84;236;2;238
63063;84;8805;110;8915
63064;84;78;0;78
63065;84;174;3;177
63066;84;1677;31;1708
63067;84;164;2;166
63069;84;5510;59;5569
63070;84;6364;131;6495
63071;84;691;11;702
63072;84;1200;16;1216
63073;84;432;14;446
63074;84;183;0;183
63075;84;17276;573;17849
63076;84;149;2;151
63077;84;423;4;427
63079;84;151;2;153
63080;84;1405;22;1427
63081;84;271;6;277
63082;84;403;9;412
63083;84;927;27;954
63084;84;1703;36;1739
63085;84;1119;7;1126
63086;84;337;12;349
63087;84;66;1;67
63088;84;83;0;83
63089;84;1630;26;1656
63090;84;505;8;513
63091;84;901;15;916
63092;84;1789;26;1815
63093;84;1122;22;1144
63094;84;489;5;494
63095;84;206;3;209
63096;84;387;6;393
63097;84;79;2;81
63098;84;223;8;231
63099;84;3105;53;3158
63100;84;324;4;328
63101;84;68;1;69
63102;84;773;14;787
63103;84;6239;183;6422
63104;84;113;5;118
63105;84;229;6;235
63106;84;1699;18;1717
63107;84;494;8;502
63108;84;677;14;691
63109;84;527;13;540
63110;84;463;5;468
63111;84;120;5;125
63112;84;620;7;627
63113;84;147865;2731;150596
63114;84;158;1;159
63115;84;221;4;225
63116;84;2170;34;2204
63117;84;128;3;131
63118;84;414;7;421
63119;84;227;3;230
63120;84;762;9;771
63121;84;1269;15;1284
63122;84;62;1;63
63123;84;236;7;243
63124;84;20322;366;20688
63125;84;4017;147;4164
63126;84;1269;26;1295
63128;84;963;16;979
63129;84;167;1;168
63130;84;259;11;270
63131;84;1126;19;1145
63132;84;1297;26;1323
63134;84;68;2;70
63135;84;609;5;614
63136;84;388;8;396
63137;84;175;4;179
63138;84;709;9;718
63139;84;656;8;664
63140;84;211;5;216
63141;84;2057;48;2105
63142;84;252;12;264
63143;84;1131;18;1149
63144;84;341;9;350
63145;84;151;6;157
63146;84;808;64;872
63147;84;253;3;256
63148;84;2520;53;2573
63149;84;675;9;684
63150;84;1543;31;1574
63151;84;1344;38;1382
63152;84;291;4;295
63153;84;106;2;108
63154;84;436;6;442
63155;84;482;14;496
63156;84;59;0;59
63157;84;367;10;377
63158;84;106;6;112
63159;84;134;0;134
63160;84;926;32;958
63161;84;320;10;330
63162;84;320;8;328
63163;84;954;57;1011
63164;84;10289;86;10375
63165;84;797;36;833
63166;84;241;5;246
63167;84;401;6;407
63168;84;580;13;593
63169;84;16;0;16
63170;84;623;15;638
63171;84;329;13;342
63172;84;53;2;55
63173;84;200;7;207
63174;84;120;2;122
63175;84;236;8;244
63176;84;106;3;109
63177;84;408;10;418
63178;84;15296;405;15701
63179;84;1027;30;1057
63180;84;1132;17;1149
63181;84;551;14;565
63182;84;589;15;604
63183;84;65;0;65
63184;84;279;4;283
63185;84;639;8;647
63186;84;228;8;236
63187;84;523;12;535
63188;84;589;16;605
63189;84;370;4;374
63190;84;278;7;285
63191;84;104;3;107
63192;84;643;31;674
63193;84;8677;435;9112
63194;84;389;7;396
63195;84;6256;73;6329
63196;84;749;13;762
63197;84;127;2;129
63198;84;1384;19;1403
63199;84;516;5;521
63200;84;907;18;925
63201;84;1134;17;1151
63202;84;107;3;110
63203;84;1165;18;1183
63204;84;1132;20;1152
63205;84;467;4;471
63206;84;1387;19;1406
63207;84;813;11;824
63208;84;292;5;297
63209;84;209;5;214
63210;84;3125;50;3175
63211;84;1455;47;1502
63212;84;1425;37;1462
63213;84;2149;21;2170
63214;84;3984;55;4039
63215;84;676;7;683
63216;84;117;4;121
63218;84;198;6;204
63219;84;716;11;727
63220;84;96;3;99
63221;84;122;0;122
63222;84;489;8;497
63223;84;538;11;549
63224;84;1623;24;1647
63225;84;1048;40;1088
63226;84;3435;76;3511
63227;84;2380;59;2439
63228;84;294;10;304
63229;84;1226;23;1249
63230;84;228;5;233
63231;84;1685;34;1719
63232;84;541;13;554
63233;84;982;9;991
63234;84;875;17;892
63235;84;538;6;544
63236;84;1279;18;1297
63237;84;427;6;433
63238;84;228;1;229
63239;84;720;23;743
63240;84;465;9;474
63241;84;326;15;341
63242;84;380;10;390
63243;84;378;6;384
63244;84;1786;26;1812
63245;84;3876;66;3942
63246;84;483;17;500
63247;84;580;10;590
63248;84;847;21;868
63249;84;523;10;533
63250;84;858;18;876
63251;84;296;7;303
63252;84;379;7;386
63253;84;239;2;241
63254;84;2218;36;2254
63255;84;595;16;611
63256;84;150;2;152
63257;84;829;11;840
63258;84;763;20;783
63259;84;313;10;323
63260;84;158;5;163
63261;84;843;29;872
63262;84;2756;40;2796
63263;84;3493;105;3598
63264;84;247;1;248
63265;84;2192;43;2235
63267;84;532;17;549
63268;84;290;4;294
63269;84;882;15;897
63270;84;499;15;514
63271;84;1490;37;1527
63272;84;2705;52;2757
63273;84;1507;32;1539
63274;84;428;15;443
63275;84;891;19;910
63276;84;2121;45;2166
63277;84;65;0;65
63278;84;706;6;712
63279;84;318;6;324
63280;84;345;6;351
63281;84;1062;19;1081
63282;84;1713;21;1734
63283;84;634;114;748
63284;84;12182;305;12487
63285;84;762;17;779
63286;84;270;5;275
63287;84;344;7;351
63288;84;453;14;467
63289;84;261;9;270
63290;84;403;9;412
63291;84;2790;46;2836
63292;84;150;5;155
63293;84;215;8;223
63294;84;289;6;295
63295;84;1591;15;1606
63296;84;762;15;777
63297;84;382;3;385
63298;84;127;4;131
63299;84;103;0;103
63300;84;19004;758;19762
63301;84;747;9;756
63302;84;3483;67;3550
63303;84;41;1;42
63304;84;110;0;110
63305;84;860;143;1003
63306;84;622;10;632
63307;84;7791;178;7969
63308;84;4359;118;4477
63309;84;308;3;311
63310;84;173;2;175
63311;84;339;2;341
63312;84;151;4;155
63313;84;111;5;116
63314;84;494;27;521
63315;84;1747;38;1785
63317;84;529;3;532
63318;84;462;9;471
63319;84;706;25;731
63320;84;218;5;223
63321;84;935;15;950
63322;84;2218;30;2248
63323;84;167;3;170
63324;84;205;8;213
63325;84;418;6;424
63326;84;513;8;521
63327;84;2035;39;2074
63328;84;51;2;53
63329;84;127;5;132
63330;84;351;7;358
63331;84;232;6;238
63332;84;539;10;549
63333;84;230;8;238
63334;84;542;20;562
63335;84;525;12;537
63336;84;201;4;205
63337;84;61;1;62
63338;84;3572;141;3713
63339;84;134;2;136
63340;84;259;3;262
63341;84;547;16;563
63342;84;245;7;252
63343;84;279;7;286
63344;84;144;4;148
63345;84;3659;105;3764
63346;84;218;7;225
63347;84;464;18;482
63348;84;182;1;183
63349;84;1933;49;1982
63350;84;1287;19;1306
63351;84;72;2;74
63352;84;2008;42;2050
63353;84;483;27;510
63354;84;1273;144;1417
63355;84;224;4;228
63356;84;335;13;348
63357;84;116;2;118
63358;84;360;3;363
63359;84;85;1;86
63360;84;154;3;157
63362;84;915;17;932
63363;84;281;6;287
63364;84;664;8;672
63365;84;431;11;442
63366;84;353;3;356
63367;84;123;1;124
63368;84;1299;26;1325
63369;84;120;3;123
63370;84;365;5;370
63371;84;154;5;159
63372;84;670;5;675
63373;84;189;4;193
63374;84;287;7;294
63375;84;166;1;167
63376;84;148;7;155
63377;84;372;6;378
63378;84;941;8;949
63379;84;517;6;523
63380;84;762;3;765
63381;84;1650;22;1672
63382;84;393;13;406
63383;84;250;5;255
63384;84;132;5;137
63385;84;443;9;452
63386;84;483;5;488
63387;84;863;17;880
63388;84;702;17;719
63389;84;111;2;113
63390;84;384;13;397
63391;84;238;4;242
63392;84;579;9;588
63393;84;1754;33;1787
63394;84;207;6;213
63395;84;972;19;991
63396;84;1164;70;1234
63397;84;1128;20;1148
63398;84;88;3;91
63399;84;85;6;91
63400;84;1076;19;1095
63401;84;252;6;258
63402;84;250;7;257
63403;84;414;11;425
63404;84;608;11;619
63405;84;584;12;596
63406;84;303;6;309
63407;84;280;7;287
63408;84;166;5;171
63409;84;279;2;281
63410;84;138;3;141
63411;84;475;9;484
63412;84;529;7;536
63413;84;710;12;722
63414;84;551;12;563
63415;84;1296;13;1309
63416;84;93;3;96
63417;84;2429;46;2475
63418;84;575;9;584
63419;84;549;12;561
63420;84;799;9;808
63421;84;160;5;165
63422;84;510;9;519
63423;84;602;9;611
63424;84;580;12;592
63425;84;1499;42;1541
63426;84;766;17;783
63427;84;486;15;501
63428;84;283;2;285
63429;84;32;2;34
63430;84;11784;368;12152
63431;84;162;1;163
63432;84;915;38;953
63433;84;73;3;76
63434;84;514;24;538
63435;84;215;6;221
63436;84;75;0;75
63437;84;151;4;155
63438;84;483;5;488
63439;84;298;2;300
63440;84;125;0;125
63441;84;208;3;211
63442;84;52;3;55
63443;84;417;12;429
63444;84;300;4;304
63445;84;302;5;307
63446;84;523;4;527
63447;84;65;4;69
63448;84;813;64;877
63449;84;302;4;306
63450;84;236;10;246
63451;84;413;17;430
63452;84;72;1;73
63453;84;3258;32;3290
63454;84;537;10;547
63455;84;3635;57;3692
63456;84;343;14;357
63457;84;5189;99;5288
63458;84;151;1;152
63459;84;526;4;530
63460;84;366;10;376
63461;84;359;3;362
63462;84;268;5;273
63463;84;516;9;525
63464;84;346;12;358
63465;84;405;9;414
63466;84;196;3;199
63467;84;30;1;31
63468;84;300;9;309
63469;84;720;16;736
63470;84;4623;71;4694
63471;84;904;19;923
63472;84;652;17;669
63473;84;392;7;399
64001;75;186;7;193
64002;75;167;1;168
64003;75;214;8;222
64004;75;107;1;108
64005;75;544;13;557
64006;75;458;12;470
64007;75;1037;26;1063
64008;75;269;9;278
64009;75;2071;32;2103
64010;75;667;16;683
64011;75;115;6;121
64012;75;136;1;137
64013;75;172;5;177
64014;75;670;7;677
64015;75;215;3;218
64016;75;324;6;330
64017;75;330;4;334
64018;75;450;9;459
64019;75;233;1;234
64021;75;662;21;683
64022;75;136;3;139
64023;75;911;23;934
64024;75;39719;1121;40840
64025;75;97;5;102
64026;75;380;10;390
64027;75;188;3;191
64028;75;136;2;138
64029;75;665;15;680
64031;75;174;3;177
64032;75;183;8;191
64033;75;134;1;135
64034;75;297;6;303
64035;75;2342;62;2404
64036;75;317;7;324
64037;75;1214;22;1236
64038;75;3195;81;3276
64039;75;245;1;246
64040;75;1074;33;1107
64041;75;763;11;774
64042;75;702;23;725
64043;75;289;4;293
64044;75;78;1;79
64045;75;77;1;78
64046;75;396;5;401
64047;75;236;3;239
64048;75;130;1;131
64049;75;232;8;240
64050;75;95;3;98
64051;75;406;5;411
64052;75;108;0;108
64053;75;190;3;193
64054;75;767;21;788
64056;75;139;2;141
64057;75;1835;42;1877
64058;75;472;10;482
64059;75;1083;28;1111
64060;75;1851;52;1903
64061;75;3428;64;3492
64062;75;2239;46;2285
64063;75;1057;21;1078
64064;75;449;9;458
64065;75;4359;113;4472
64066;75;329;9;338
64067;75;1942;45;1987
64068;75;2004;51;2055
64069;75;231;6;237
64070;75;307;1;308
64071;75;210;5;215
64072;75;651;14;665
64073;75;260;5;265
64074;75;45;0;45
64075;75;166;1;167
64077;75;173;3;176
64078;75;230;6;236
64079;75;102;3;105
64080;75;790;24;814
64081;75;239;2;241
64082;75;140;1;141
64083;75;203;3;206
64084;75;140;2;142
64085;75;109;1;110
64086;75;1094;33;1127
64087;75;865;22;887
64088;75;299;9;308
64089;75;143;1;144
64090;75;121;2;123
64091;75;494;7;501
64092;75;346;7;353
64093;75;641;5;646
64094;75;1828;49;1877
64095;75;592;12;604
64096;75;175;1;176
64097;75;609;11;620
64098;75;65;2;67
64099;75;98;4;102
64100;75;3231;95;3326
64101;75;585;114;699
64102;75;51894;1169;53063
64103;75;207;3;210
64104;75;600;15;615
64105;75;271;12;283
64106;75;520;9;529
64107;75;73;3;76
64108;75;909;11;920
64109;75;1943;44;1987
64110;75;220;2;222
64111;75;109;1;110
64112;75;427;4;431
64113;75;116;5;121
64114;75;586;9;595
64115;75;159;68;227
64116;75;245;5;250
64117;75;145;4;149
64118;75;50;0;50
64119;75;673;21;694
64120;75;530;7;537
64121;75;193;2;195
64122;75;25787;721;26508
64123;75;1358;26;1384
64124;75;663;15;678
64125;75;6975;138;7113
64126;75;1109;30;1139
64127;75;390;14;404
64128;75;159;5;164
64129;75;12793;230;13023
64130;75;1228;20;1248
64131;75;637;21;658
64132;75;4563;126;4689
64133;75;1347;27;1374
64134;75;369;7;376
64135;75;794;14;808
64136;75;136;5;141
64137;75;676;20;696
64138;75;2887;52;2939
64139;75;988;23;1011
64140;75;8627;170;8797
64141;75;375;9;384
64142;75;844;27;871
64143;75;157;0;157
64144;75;165;2;167
64145;75;513;8;521
64146;75;334;4;338
64147;75;2878;45;2923
64148;75;870;25;895
64149;75;243;6;249
64150;75;131;2;133
64151;75;99;5;104
64152;75;1927;54;1981
64153;75;67;1;68
64154;75;206;1;207
64155;75;104;1;105
64156;75;476;14;490
64157;75;988;22;1010
64158;75;173;7;180
64159;75;117;4;121
64160;75;6622;109;6731
64161;75;996;19;1015
64162;75;101;3;104
64165;75;300;1;301
64166;75;193;9;202
64167;75;217;5;222
64168;75;667;15;682
64170;75;200;2;202
64171;75;260;2;262
64172;75;302;3;305
64173;75;162;1;163
64174;75;52;1;53
64175;75;153;4;157
64176;75;166;4;170
64177;75;624;25;649
64178;75;464;15;479
64179;75;133;6;139
64180;75;212;5;217
64181;75;330;4;334
64182;75;69;1;70
64183;75;598;18;616
64184;75;612;27;639
64185;75;61;1;62
64186;75;216;3;219
64187;75;254;9;263
64188;75;1083;154;1237
64189;75;6211;180;6391
64190;75;236;8;244
64191;75;2170;142;2312
64192;75;111;1;112
64193;75;98;2;100
64194;75;382;9;391
64195;75;95;2;97
64196;75;121;0;121
64197;75;189;5;194
64198;75;1766;50;1816
64199;75;142;4;146
64200;75;182;3;185
64201;75;227;7;234
64202;75;464;11;475
64203;75;317;7;324
64204;75;193;3;196
64205;75;237;2;239
64206;75;123;1;124
64207;75;423;12;435
64208;75;425;8;433
64209;75;438;8;446
64210;75;145;1;146
64211;75;361;4;365
64212;75;142;2;144
64213;75;1985;47;2032
64214;75;491;16;507
64215;75;105;3;108
64216;75;1190;46;1236
64217;75;538;12;550
64218;75;328;1;329
64219;75;260;6;266
64220;75;505;12;517
64221;75;154;29;183
64222;75;75;0;75
64223;75;59;2;61
64224;75;638;17;655
64225;75;615;16;631
64226;75;177;1;178
64227;75;667;13;680
64228;75;270;2;272
64229;75;127;5;132
64230;75;5585;107;5692
64231;75;498;8;506
64232;75;220;2;222
64233;75;1356;23;1379
64234;75;261;9;270
64235;75;281;8;289
64236;75;54;1;55
64237;75;3652;132;3784
64238;75;1969;53;2022
64239;75;139;1;140
64240;75;183;7;190
64241;75;477;6;483
64242;75;75;0;75
64243;75;201;2;203
64244;75;255;10;265
64245;75;576;14;590
64246;75;303;7;310
64247;75;474;13;487
64249;75;1326;36;1362
64250;75;1001;33;1034
64251;75;221;8;229
64252;75;880;27;907
64253;75;419;10;429
64254;75;576;18;594
64255;75;621;5;626
64256;75;7498;281;7779
64257;75;350;1;351
64258;75;86;1;87
64259;75;736;16;752
64260;75;16967;437;17404
64261;75;389;2;391
64262;75;275;6;281
64263;75;128;4;132
64264;75;61;2;63
64265;75;93;0;93
64266;75;243;9;252
64267;75;77;1;78
64268;75;275;4;279
64269;75;4903;161;5064
64270;75;974;48;1022
64271;75;537;8;545
64272;75;145;1;146
64273;75;912;13;925
64274;75;364;2;366
64275;75;672;13;685
64276;75;236;6;242
64277;75;517;13;530
64279;75;2168;66;2234
64280;75;432;3;435
64281;75;145;3;148
64282;75;1168;31;1199
64283;75;195;1;196
64284;75;7102;240;7342
64285;75;206;6;212
64286;75;432;13;445
64287;75;139;3;142
64288;75;556;13;569
64289;75;961;34;995
64290;75;604;17;621
64291;75;318;6;324
64292;75;255;2;257
64293;75;170;2;172
64294;75;159;3;162
64295;75;115;3;118
64296;75;152;4;156
64297;75;169;4;173
64298;75;131;0;131
64299;75;193;6;199
64300;75;725;12;737
64301;75;1158;30;1188
64302;75;468;12;480
64303;75;157;8;165
64304;75;2506;55;2561
64305;75;517;12;529
64306;75;699;21;720
64307;75;209;3;212
64308;75;264;5;269
64309;75;204;5;209
64310;75;493;8;501
64311;75;156;2;158
64312;75;305;9;314
64313;75;275;5;280
64314;75;436;3;439
64315;75;1105;27;1132
64316;75;195;2;197
64317;75;2140;31;2171
64318;75;182;5;187
64319;75;183;0;183
64320;75;1185;23;1208
64321;75;245;5;250
64322;75;337;6;343
64323;75;102;3;105
64324;75;1750;40;1790
64325;75;208;4;212
64326;75;118;4;122
64327;75;170;4;174
64328;75;1029;29;1058
64329;75;1257;59;1316
64330;75;250;9;259
64331;75;768;16;784
64332;75;166;4;170
64334;75;218;3;221
64335;75;9665;419;10084
64336;75;168;1;169
64337;75;150;3;153
64338;75;189;6;195
64339;75;825;81;906
64340;75;84;1;85
64341;75;135;1;136
64342;75;201;7;208
64343;75;734;8;742
64344;75;381;16;397
64345;75;203;1;204
64346;75;206;1;207
64347;75;209;3;212
64348;75;13707;250;13957
64349;75;503;18;521
64350;75;858;18;876
64351;75;136;9;145
64352;75;391;10;401
64353;75;1042;28;1070
64354;75;124;1;125
64355;75;139;2;141
64356;75;110;0;110
64357;75;63;0;63
64358;75;251;1;252
64359;75;919;20;939
64360;75;190;6;196
64361;75;179;8;187
64362;75;410;22;432
64363;75;327;4;331
64364;75;584;10;594
64365;75;408;7;415
64366;75;123;0;123
64367;75;882;25;907
64368;75;250;7;257
64369;75;250;11;261
64370;75;560;16;576
64371;75;2947;236;3183
64372;75;94;1;95
64373;75;1823;43;1866
64374;75;1139;19;1158
64375;75;279;4;283
64376;75;929;26;955
64377;75;838;23;861
64378;75;204;128;332
64379;75;161;5;166
64380;75;231;5;236
64381;75;282;9;291
64382;75;344;10;354
64383;75;133;1;134
64385;75;275;2;277
64386;75;1258;26;1284
64387;75;606;12;618
64388;75;116;1;117
64389;75;366;6;372
64390;75;159;12;171
64391;75;306;7;313
64392;75;83;2;85
64393;75;4435;105;4540
64394;75;84;1;85
64395;75;124;0;124
64396;75;1137;95;1232
64397;75;118;6;124
64398;75;430;8;438
64399;75;2323;306;2629
64400;75;1101;46;1147
64401;75;78;1;79
64403;75;178;3;181
64404;75;309;8;317
64405;75;4356;260;4616
64406;75;613;16;629
64407;75;5294;148;5442
64408;75;60;0;60
64409;75;831;22;853
64410;75;6122;180;6302
64411;75;236;3;239
64412;75;94;1;95
64413;75;762;12;774
64414;75;112;2;114
64415;75;1522;33;1555
64416;75;1052;23;1075
64417;75;3265;236;3501
64418;75;138;3;141
64419;75;1597;30;1627
64420;75;245;5;250
64421;75;1276;29;1305
64422;75;10594;639;11233
64423;75;182;3;185
64424;75;540;4;544
64425;75;487;9;496
64426;75;249;10;259
64427;75;148;2;150
64428;75;139;1;140
64429;75;114;4;118
64430;75;10369;678;11047
64431;75;536;9;545
64432;75;85;1;86
64433;75;330;19;349
64434;75;50;1;51
64435;75;214;9;223
64436;75;816;22;838
64437;75;195;2;197
64438;75;539;13;552
64439;75;1669;51;1720
64440;75;388;17;405
64441;75;261;5;266
64442;75;335;11;346
64443;75;860;23;883
64444;75;462;11;473
64445;75;75627;1443;77070
64446;75;157;1;158
64447;75;140;1;141
64448;75;1772;50;1822
64449;75;164;3;167
64450;75;295;6;301
64451;75;97;3;100
64452;75;260;7;267
64453;75;2925;57;2982
64454;75;186;2;188
64455;75;167;3;170
64456;75;51;3;54
64457;75;187;4;191
64458;75;295;8;303
64459;75;173;2;175
64460;75;405;7;412
64461;75;1125;17;1142
64462;75;494;6;500
64463;75;663;6;669
64464;75;83;1;84
64465;75;224;3;227
64466;75;266;7;273
64467;75;849;16;865
64468;75;122;2;124
64469;75;311;8;319
64470;75;656;21;677
64471;75;361;12;373
64472;75;866;11;877
64473;75;358;4;362
64474;75;158;2;160
64475;75;195;1;196
64476;75;411;6;417
64477;75;1478;39;1517
64478;75;746;26;772
64479;75;163;4;167
64480;75;198;5;203
64481;75;237;4;241
64482;75;620;8;628
64483;75;14196;422;14618
64484;75;840;17;857
64485;75;1532;295;1827
64486;75;67;0;67
64487;75;206;5;211
64488;75;447;12;459
64489;75;332;10;342
64490;75;538;15;553
64491;75;202;5;207
64492;75;292;6;298
64493;75;1841;67;1908
64494;75;259;6;265
64495;75;7037;152;7189
64496;75;5491;97;5588
64498;75;395;10;405
64499;75;4568;129;4697
64500;75;297;6;303
64501;75;571;8;579
64502;75;709;6;715
64503;75;90;1;91
64504;75;2688;37;2725
64505;75;310;14;324
64506;75;161;3;164
64507;75;139;3;142
64508;75;132;2;134
64509;75;175;4;179
64510;75;941;19;960
64511;75;3411;86;3497
64512;75;265;4;269
64513;75;1370;96;1466
64514;75;196;7;203
64515;75;252;4;256
64516;75;384;3;387
64517;75;160;8;168
64518;75;1048;21;1069
64519;75;4348;126;4474
64520;75;829;33;862
64521;75;571;17;588
64522;75;530;15;545
64523;75;764;14;778
64524;75;417;2;419
64525;75;773;15;788
64526;75;1583;20;1603
64527;75;1497;29;1526
64528;75;168;8;176
64529;75;377;11;388
64530;75;352;7;359
64531;75;46;2;48
64532;75;70;1;71
64533;75;558;9;567
64534;75;192;0;192
64535;75;530;6;536
64536;75;858;16;874
64537;75;129;4;133
64538;75;803;16;819
64539;75;210;5;215
64540;75;2725;73;2798
64541;75;310;3;313
64542;75;66;1;67
64543;75;277;7;284
64544;75;76;2;78
64545;75;10418;193;10611
64546;75;2323;34;2357
64547;75;6918;260;7178
64548;75;166;4;170
64549;75;1228;24;1252
64550;75;767;30;797
64551;75;287;4;291
64552;75;183;3;186
64554;75;210;3;213
64555;75;166;2;168
64556;75;385;8;393
64557;75;458;22;480
64558;75;2822;78;2900
64559;75;728;16;744
64560;75;178;0;178
65001;76;297;7;304
65002;76;826;10;836
65003;76;143;1;144
65004;76;409;10;419
65005;76;433;11;444
65006;76;269;8;277
65007;76;1379;26;1405
65009;76;171;4;175
65010;76;223;4;227
65011;76;130;3;133
65012;76;81;2;83
65013;76;57;2;59
65014;76;40;0;40
65015;76;105;7;112
65016;76;183;3;186
65017;76;249;2;251
65018;76;84;1;85
65019;76;559;11;570
65020;76;263;5;268
65021;76;390;15;405
65022;76;118;7;125
65023;76;13;0;13
65024;76;105;3;108
65025;76;2911;170;3081
65026;76;75;0;75
65028;76;206;5;211
65029;76;482;11;493
65031;76;792;27;819
65032;76;700;20;720
65033;76;113;3;116
65034;76;19;0;19
65035;76;518;12;530
65036;76;132;3;135
65037;76;88;1;89
65038;76;14;1;15
65039;76;40;0;40
65040;76;321;3;324
65041;76;119;7;126
65042;76;575;12;587
65043;76;263;7;270
65044;76;298;6;304
65045;76;230;9;239
65046;76;93;3;96
65047;76;7864;223;8087
65048;76;789;10;799
65049;76;241;3;244
65050;76;79;2;81
65051;76;208;7;215
65052;76;66;0;66
65053;76;42;1;43
65054;76;610;8;618
65055;76;334;12;346
65056;76;453;13;466
65057;76;984;17;1001
65058;76;143;2;145
65059;76;7085;283;7368
65060;76;60;3;63
65061;76;51;0;51
65062;76;3498;76;3574
65063;76;172;3;175
65064;76;49;1;50
65065;76;293;8;301
65066;76;32;0;32
65067;76;128;7;135
65068;76;23;1;24
65069;76;1224;30;1254
65070;76;553;18;571
65071;76;33;0;33
65072;76;1824;15;1839
65073;76;355;7;362
65074;76;110;2;112
65075;76;133;7;140
65076;76;59;2;61
65077;76;418;24;442
65078;76;399;10;409
65079;76;198;4;202
65080;76;557;9;566
65081;76;135;3;138
65082;76;51;0;51
65083;76;706;17;723
65084;76;290;3;293
65085;76;111;2;113
65086;76;151;6;157
65087;76;177;5;182
65088;76;47;1;48
65089;76;85;3;88
65090;76;79;3;82
65091;76;56;1;57
65092;76;226;2;228
65093;76;209;8;217
65094;76;122;1;123
65095;76;331;11;342
65096;76;64;3;67
65097;76;190;8;198
65098;76;325;7;332
65099;76;141;3;144
65100;76;5357;114;5471
65101;76;762;12;774
65102;76;20;2;22
65103;76;109;1;110
65104;76;295;9;304
65105;76;196;3;199
65106;76;165;4;169
65107;76;111;2;113
65108;76;865;19;884
65109;76;31;1;32
65110;76;96;0;96
65111;76;64;0;64
65112;76;156;5;161
65113;76;282;11;293
65114;76;75;4;79
65115;76;289;10;299
65116;76;299;5;304
65117;76;42;1;43
65118;76;38;1;39
65119;76;368;11;379
65120;76;337;14;351
65121;76;390;11;401
65123;76;1313;54;1367
65124;76;57;2;59
65125;76;313;7;320
65126;76;147;5;152
65127;76;1264;26;1290
65128;76;138;3;141
65129;76;799;22;821
65130;76;614;12;626
65131;76;245;2;247
65132;76;44;0;44
65133;76;235;4;239
65134;76;13;0;13
65135;76;82;0;82
65136;76;34;0;34
65137;76;96;3;99
65138;76;878;19;897
65139;76;54;1;55
65140;76;31;1;32
65141;76;56;3;59
65142;76;211;4;215
65143;76;113;2;115
65144;76;87;2;89
65145;76;49;0;49
65146;76;312;1;313
65147;76;608;12;620
65148;76;133;1;134
65149;76;169;4;173
65150;76;499;25;524
65151;76;146;4;150
65153;76;122;5;127
65154;76;59;0;59
65155;76;52;2;54
65156;76;217;5;222
65157;76;21;2;23
65158;76;82;0;82
65159;76;361;11;372
65160;76;120;3;123
65161;76;282;4;286
65162;76;33;1;34
65163;76;39;1;40
65164;76;107;2;109
65165;76;188;1;189
65166;76;53;0;53
65167;76;26;1;27
65168;76;406;12;418
65169;76;90;2;92
65170;76;78;2;80
65171;76;39;0;39
65172;76;39;0;39
65173;76;193;7;200
65174;76;105;4;109
65175;76;40;3;43
65176;76;83;0;83
65177;76;161;3;164
65178;76;53;0;53
65179;76;27;0;27
65180;76;13;0;13
65181;76;164;3;167
65182;76;124;1;125
65183;76;702;13;715
65184;76;173;2;175
65185;76;445;11;456
65186;76;35;0;35
65187;76;100;4;104
65189;76;281;2;283
65190;76;71;0;71
65191;76;123;2;125
65192;76;341;9;350
65193;76;87;4;91
65194;76;97;3;100
65195;76;139;0;139
65196;76;90;2;92
65197;76;155;9;164
65198;76;1117;34;1151
65199;76;36;0;36
65200;76;107;1;108
65201;76;183;4;187
65202;76;331;13;344
65203;76;27;1;28
65204;76;27;0;27
65205;76;54;1;55
65206;76;230;6;236
65207;76;64;0;64
65208;76;23;2;25
65209;76;78;0;78
65210;76;35;1;36
65211;76;148;5;153
65212;76;330;11;341
65213;76;121;3;124
65214;76;44;0;44
65215;76;44;2;46
65216;76;104;0;104
65217;76;55;2;57
65218;76;613;14;627
65219;76;122;1;123
65220;76;240;1;241
65221;76;255;5;260
65222;76;163;1;164
65223;76;1195;26;1221
65224;76;281;6;287
65225;76;105;1;106
65226;76;2906;138;3044
65228;76;121;0;121
65229;76;45;0;45
65230;76;255;6;261
65231;76;200;12;212
65232;76;68;2;70
65233;76;315;4;319
65234;76;93;3;96
65235;76;4045;95;4140
65236;76;441;12;453
65237;76;160;5;165
65238;76;236;10;246
65239;76;154;5;159
65240;76;385;6;391
65241;76;85;3;88
65242;76;238;3;241
65243;76;458;18;476
65244;76;529;7;536
65245;76;234;7;241
65247;76;104;1;105
65248;76;258;17;275
65249;76;101;5;106
65250;76;118;1;119
65251;76;1877;65;1942
65252;76;866;14;880
65253;76;53;0;53
65254;76;143;4;147
65255;76;30;0;30
65256;76;147;2;149
65257;76;601;9;610
65258;76;5816;159;5975
65259;76;180;5;185
65260;76;95;1;96
65261;76;48;1;49
65262;76;400;10;410
65263;76;95;3;98
65264;76;311;25;336
65265;76;329;10;339
65266;76;36;1;37
65267;76;522;17;539
65268;76;212;3;215
65269;76;168;3;171
65270;76;204;9;213
65271;76;355;4;359
65272;76;78;0;78
65273;76;198;0;198
65274;76;138;1;139
65275;76;74;2;76
65276;76;117;1;118
65277;76;92;3;95
65278;76;31;0;31
65279;76;218;8;226
65280;76;424;2;426
65281;76;242;4;246
65282;76;297;6;303
65283;76;50;3;53
65284;76;1040;28;1068
65285;76;188;3;191
65286;76;13132;317;13449
65287;76;630;13;643
65288;76;53;0;53
65289;76;111;1;112
65290;76;193;1;194
65291;76;135;3;138
65292;76;401;3;404
65293;76;104;2;106
65294;76;219;3;222
65295;76;939;15;954
65296;76;424;12;436
65297;76;41;5;46
65298;76;85;0;85
65299;76;222;4;226
65300;76;67;5;72
65301;76;260;4;264
65303;76;362;4;366
65304;76;2266;28;2294
65305;76;92;0;92
65306;76;233;4;237
65307;76;337;6;343
65308;76;106;4;110
65309;76;15;3;18
65310;76;243;5;248
65311;76;101;0;101
65313;76;744;23;767
65314;76;209;6;215
65315;76;419;221;640
65316;76;103;4;107
65317;76;36;2;38
65318;76;227;6;233
65319;76;137;2;139
65320;76;850;18;868
65321;76;144;2;146
65322;76;254;7;261
65323;76;82;0;82
65324;76;212;7;219
65325;76;44;0;44
65326;76;89;3;92
65327;76;153;2;155
65328;76;97;4;101
65329;76;210;8;218
65330;76;216;3;219
65331;76;3290;99;3389
65332;76;170;1;171
65333;76;114;1;115
65334;76;224;3;227
65335;76;523;16;539
65336;76;36;0;36
65337;76;106;3;109
65338;76;245;3;248
65339;76;327;7;334
65340;76;2011;43;2054
65341;76;111;2;113
65342;76;95;2;97
65343;76;246;4;250
65344;76;2374;49;2423
65345;76;55;0;55
65346;76;160;6;166
65347;76;44;0;44
65348;76;46;2;48
65349;76;11;0;11
65350;76;1197;41;1238
65351;76;32;0;32
65352;76;219;8;227
65353;76;259;10;269
65354;76;71;2;73
65355;76;71;0;71
65356;76;59;2;61
65357;76;168;3;171
65358;76;52;2;54
65359;76;30;0;30
65360;76;276;8;284
65361;76;93;0;93
65362;76;1126;25;1151
65363;76;450;9;459
65364;76;21;3;24
65366;76;843;17;860
65367;76;164;3;167
65368;76;43;2;45
65369;76;647;22;669
65370;76;1115;38;1153
65371;76;234;10;244
65372;76;644;14;658
65373;76;165;4;169
65374;76;232;1;233
65375;76;1447;25;1472
65376;76;223;9;232
65377;76;158;8;166
65378;76;67;2;69
65379;76;15;0;15
65380;76;149;1;150
65381;76;34;0;34
65382;76;74;3;77
65383;76;193;2;195
65384;76;173;1;174
65385;76;93;2;95
65386;76;97;0;97
65387;76;128;2;130
65388;76;844;18;862
65389;76;943;38;981
65390;76;426;14;440
65391;76;59;0;59
65392;76;445;8;453
65393;76;142;5;147
65394;76;318;3;321
65395;76;1159;19;1178
65396;76;360;7;367
65397;76;165;3;168
65398;76;254;2;256
65399;76;102;3;105
65400;76;229;7;236
65401;76;581;24;605
65402;76;25;0;25
65403;76;100;2;102
65404;76;154;3;157
65405;76;75;3;78
65406;76;257;5;262
65407;76;107;2;109
65408;76;563;20;583
65409;76;301;5;306
65410;76;518;17;535
65411;76;77;6;83
65412;76;167;4;171
65413;76;139;4;143
65414;76;79;4;83
65415;76;242;1;243
65416;76;86;3;89
65417;76;5085;103;5188
65418;76;291;7;298
65419;76;68;0;68
65420;76;77;2;79
65421;76;50;2;52
65422;76;332;3;335
65423;76;131;1;132
65424;76;117;2;119
65425;76;447;7;454
65426;76;132;6;138
65427;76;283;5;288
65428;76;63;1;64
65429;76;206;8;214
65430;76;43;1;44
65431;76;95;4;99
65432;76;180;5;185
65433;76;3066;58;3124
65435;76;274;4;278
65436;76;305;7;312
65437;76;129;3;132
65438;76;76;1;77
65439;76;271;3;274
65440;76;42758;1063;43821
65441;76;78;3;81
65442;76;211;1;212
65443;76;17;0;17
65444;76;319;4;323
65445;76;227;6;233
65446;76;547;8;555
65447;76;1172;21;1193
65448;76;92;4;96
65449;76;90;5;95
65450;76;37;1;38
65451;76;753;14;767
65452;76;1007;26;1033
65453;76;75;0;75
65454;76;104;1;105
65455;76;438;9;447
65456;76;288;11;299
65457;76;83;1;84
65458;76;31;1;32
65459;76;102;4;106
65460;76;4843;268;5111
65461;76;112;1;113
65462;76;243;9;252
65463;76;85;1;86
65464;76;505;10;515
65465;76;325;10;335
65466;76;86;1;87
65467;76;98;6;104
65468;76;40;1;41
65469;76;25;1;26
65470;76;144;4;148
65471;76;215;8;223
65472;76;76;5;81
65473;76;397;15;412
65474;76;112;2;114
65475;76;60;1;61
65476;76;64;4;68
65477;76;101;2;103
65478;76;32;2;34
65479;76;351;10;361
65481;76;159;5;164
65482;76;442;11;453
66001;76;73;1;74
66002;76;3645;61;3706
66003;76;3542;47;3589
66004;76;553;8;561
66005;76;561;34;595
66006;76;165;2;167
66007;76;124;3;127
66008;76;10260;248;10508
66009;76;2724;38;2762
66010;76;36;0;36
66011;76;4291;51;4342
66012;76;3431;64;3495
66013;76;117;3;120
66014;76;2612;50;2662
66015;76;1271;22;1293
66016;76;4738;77;4815
66017;76;5771;40;5811
66018;76;68;0;68
66019;76;216;4;220
66020;76;818;26;844
66021;76;7426;105;7531
66022;76;55;0;55
66023;76;949;8;957
66024;76;5278;55;5333
66025;76;1207;75;1282
66026;76;1532;32;1564
66027;76;694;14;708
66028;76;10301;206;10507
66029;76;134;1;135
66030;76;213;2;215
66032;76;59;0;59
66033;76;460;13;473
66034;76;111;5;116
66035;76;40;0;40
66036;76;24;0;24
66037;76;12284;251;12535
66038;76;6344;115;6459
66039;76;137;1;138
66040;76;41;1;42
66041;76;940;20;960
66042;76;265;6;271
66043;76;136;2;138
66044;76;293;6;299
66045;76;780;15;795
66046;76;603;11;614
66047;76;18;2;20
66048;76;1345;16;1361
66049;76;7857;233;8090
66050;76;4470;54;4524
66051;76;265;8;273
66052;76;368;11;379
66053;76;2407;28;2435
66054;76;60;3;63
66055;76;762;15;777
66056;76;1048;15;1063
66057;76;530;4;534
66058;76;1975;35;2010
66059;76;2327;28;2355
66060;76;222;20;242
66061;76;93;0;93
66062;76;169;7;176
66063;76;234;3;237
66064;76;421;11;432
66065;76;9248;116;9364
66066;76;637;23;660
66067;76;668;22;690
66068;76;108;1;109
66069;76;3475;135;3610
66070;76;165;4;169
66071;76;2049;18;2067
66072;76;477;9;486
66073;76;138;2;140
66074;76;381;9;390
66075;76;141;9;150
66076;76;65;0;65
66077;76;88;1;89
66078;76;189;7;196
66079;76;192;5;197
66080;76;117;2;119
66081;76;125;3;128
66082;76;505;4;509
66083;76;41;0;41
66084;76;1311;19;1330
66085;76;443;9;452
66086;76;25;0;25
66088;76;5513;63;5576
66089;76;321;6;327
66090;76;44;2;46
66091;76;57;1;58
66092;76;90;0;90
66093;76;2140;41;2181
66094;76;3158;46;3204
66095;76;439;4;443
66096;76;1038;12;1050
66097;76;139;4;143
66098;76;220;10;230
66099;76;317;2;319
66100;76;171;3;174
66101;76;2074;42;2116
66102;76;29;1;30
66103;76;574;7;581
66104;76;982;12;994
66105;76;277;5;282
66106;76;2568;49;2617
66107;76;794;6;800
66108;76;4264;69;4333
66109;76;242;4;246
66111;76;149;2;151
66112;76;251;5;256
66113;76;177;2;179
66114;76;1647;39;1686
66115;76;1235;23;1258
66116;76;186;4;190
66117;76;148;9;157
66118;76;338;8;346
66119;76;318;7;325
66120;76;76;1;77
66121;76;1287;36;1323
66122;76;60;2;62
66123;76;151;0;151
66124;76;1840;183;2023
66125;76;351;5;356
66126;76;332;4;336
66127;76;1192;15;1207
66128;76;25;0;25
66129;76;1591;20;1611
66130;76;1350;75;1425
66132;76;417;10;427
66133;76;3094;45;3139
66134;76;970;10;980
66136;76;119344;1427;120771
66137;76;549;3;552
66138;76;1527;25;1552
66139;76;40;0;40
66140;76;3812;55;3867
66141;76;9849;96;9945
66142;76;54;2;56
66143;76;93;2;95
66144;76;5229;85;5314
66145;76;2841;44;2885
66146;76;115;7;122
66147;76;105;1;106
66148;76;4016;77;4093
66149;76;6028;339;6367
66150;76;1175;19;1194
66151;76;78;3;81
66152;76;103;0;103
66153;76;48;0;48
66154;76;63;1;64
66155;76;80;0;80
66156;76;93;1;94
66157;76;26;1;27
66158;76;151;2;153
66159;76;63;0;63
66160;76;1255;20;1275
66161;76;1348;30;1378
66162;76;648;2;650
66164;76;8888;142;9030
66165;76;628;6;634
66166;76;391;7;398
66167;76;1146;27;1173
66168;76;3422;52;3474
66169;76;111;1;112
66170;76;161;2;163
66171;76;11040;150;11190
66172;76;11719;160;11879
66173;76;1194;20;1214
66174;76;2874;45;2919
66175;76;2841;26;2867
66176;76;3198;31;3229
66177;76;1541;17;1558
66178;76;2273;45;2318
66179;76;1044;13;1057
66180;76;10071;102;10173
66181;76;122;1;123
66182;76;4821;62;4883
66183;76;66;0;66
66184;76;52;3;55
66185;76;350;12;362
66186;76;2784;43;2827
66187;76;1790;18;1808
66188;76;263;10;273
66189;76;5564;105;5669
66190;76;3514;12;3526
66191;76;19;0;19
66192;76;90;1;91
66193;76;232;5;237
66194;76;219;2;221
66195;76;7752;115;7867
66196;76;3343;50;3393
66197;76;37;0;37
66198;76;498;5;503
66199;76;102;1;103
66201;76;43;1;44
66202;76;195;5;200
66203;76;56;0;56
66204;76;332;11;343
66205;76;859;21;880
66206;76;93;0;93
66207;76;720;10;730
66208;76;2127;99;2226
66209;76;40;2;42
66210;76;7924;135;8059
66211;76;172;7;179
66212;76;3839;68;3907
66213;76;7192;124;7316
66214;76;1085;13;1098
66215;76;160;0;160
66216;76;75;2;77
66217;76;2174;24;2198
66218;76;359;11;370
66219;76;50;1;51
66220;76;38;1;39
66221;76;34;0;34
66222;76;1450;46;1496
66223;76;210;5;215
66224;76;3248;36;3284
66225;76;1780;61;1841
66226;76;1390;24;1414
66227;76;3977;67;4044
66228;76;1372;25;1397
66230;76;2131;26;2157
66231;76;574;4;578
66232;76;26;0;26
66233;76;175;4;179
66234;76;69;0;69
67001;44;2338;32;2370
67002;44;390;3;393
67003;44;441;16;457
67004;44;1530;28;1558
67005;44;850;18;868
67006;44;213;1;214
67008;44;1363;22;1385
67009;44;380;13;393
67010;44;1738;70;1808
67011;44;992;12;1004
67012;44;647;18;665
67013;44;274;3;277
67016;44;763;11;774
67017;44;298;5;303
67018;44;670;9;679
67019;44;1182;18;1200
67020;44;838;7;845
67021;44;7197;193;7390
67022;44;233;5;238
67023;44;978;21;999
67025;44;1934;26;1960
67026;44;163;3;166
67027;44;177;0;177
67028;44;5801;95;5896
67029;44;360;4;364
67030;44;722;7;729
67031;44;1437;44;1481
67032;44;212;7;219
67033;44;602;7;609
67034;44;2460;41;2501
67035;44;444;15;459
67036;44;304;7;311
67037;44;365;5;370
67038;44;298;2;300
67039;44;515;11;526
67040;44;1040;10;1050
67043;44;17353;209;17562
67044;44;259;0;259
67045;44;3329;58;3387
67046;44;12746;137;12883
67047;44;157;3;160
67048;44;460;15;475
67049;44;1301;20;1321
67050;44;34;0;34
67051;44;313;11;324
67052;44;2442;64;2506
67053;44;321;10;331
67054;44;545;6;551
67055;44;1381;19;1400
67056;44;763;12;775
67057;44;171;6;177
67058;44;391;4;395
67059;44;411;6;417
67060;44;631;10;641
67061;44;3757;77;3834
67062;44;328;6;334
67063;44;651;16;667
67065;44;1313;15;1328
67066;44;2629;89;2718
67067;44;10081;104;10185
67068;44;280;2;282
67069;44;511;7;518
67070;44;278;3;281
67071;44;464;11;475
67072;44;663;22;685
67073;44;4199;88;4287
67074;44;667;19;686
67075;44;429;7;436
67076;44;476;9;485
67077;44;583;14;597
67078;44;270;3;273
67079;44;181;3;184
67080;44;1840;20;1860
67081;44;785;12;797
67082;44;1204;11;1215
67083;44;754;12;766
67084;44;2215;41;2256
67085;44;713;11;724
67086;44;447;10;457
67087;44;1439;15;1454
67088;44;351;7;358
67089;44;2610;26;2636
67090;44;675;43;718
67091;44;337;13;350
67092;44;631;27;658
67093;44;348;6;354
67094;44;253;2;255
67095;44;1595;36;1631
67096;44;318;11;329
67097;44;1233;17;1250
67098;44;1492;19;1511
67099;44;281;4;285
67100;44;352;1;353
67101;44;2613;32;2645
67102;44;300;5;305
67103;44;1038;25;1063
67104;44;608;15;623
67105;44;1438;27;1465
67106;44;5268;47;5315
67107;44;656;5;661
67108;44;1638;18;1656
67109;44;656;17;673
67110;44;1081;17;1098
67111;44;424;11;435
67112;44;2865;30;2895
67113;44;422;7;429
67115;44;2287;23;2310
67116;44;528;25;553
67117;44;434;11;445
67118;44;7049;64;7113
67119;44;1344;20;1364
67120;44;527;11;538
67121;44;810;10;820
67122;44;1332;15;1347
67123;44;494;1;495
67124;44;2453;25;2478
67125;44;2247;76;2323
67126;44;299;6;305
67127;44;1410;14;1424
67128;44;1887;18;1905
67129;44;595;6;601
67130;44;10661;123;10784
67131;44;5424;53;5477
67132;44;944;11;955
67133;44;471;6;477
67134;44;191;0;191
67135;44;762;5;767
67136;44;275;5;280
67137;44;5734;66;5800
67138;44;574;9;583
67139;44;474;9;483
67140;44;754;4;758
67141;44;598;4;602
67142;44;290;2;292
67143;44;643;19;662
67144;44;337;3;340
67145;44;258;6;264
67146;44;618;8;626
67147;44;498;4;502
67148;44;168;4;172
67149;44;421;7;428
67150;44;1366;23;1389
67151;44;5041;49;5090
67152;44;7561;79;7640
67153;44;397;3;400
67154;44;3449;55;3504
67155;44;1258;17;1275
67156;44;2586;31;2617
67159;44;209;6;215
67160;44;1057;26;1083
67161;44;380;11;391
67162;44;355;8;363
67163;44;544;13;557
67164;44;838;20;858
67165;44;385;7;392
67166;44;250;4;254
67167;44;1218;16;1234
67168;44;1666;24;1690
67169;44;2874;34;2908
67172;44;2228;40;2268
67173;44;1201;16;1217
67174;44;1167;8;1175
67176;44;3712;62;3774
67177;44;641;10;651
67178;44;277;5;282
67179;44;650;8;658
67180;44;35196;561;35757
67181;44;272;6;278
67182;44;1647;24;1671
67183;44;877;20;897
67184;44;1910;25;1935
67185;44;703;4;707
67186;44;433;7;440
67187;44;540;8;548
67188;44;697;11;708
67189;44;961;22;983
67190;44;195;2;197
67191;44;1840;26;1866
67192;44;937;10;947
67194;44;4731;73;4804
67195;44;619;10;629
67196;44;2649;31;2680
67197;44;1510;21;1531
67198;44;111;3;114
67199;44;82;1;83
67200;44;1001;8;1009
67201;44;307;7;314
67202;44;4048;38;4086
67203;44;384;5;389
67204;44;11304;81;11385
67205;44;4514;51;4565
67206;44;1118;18;1136
67208;44;547;7;554
67209;44;273;2;275
67210;44;505;13;518
67212;44;3703;30;3733
67213;44;632;16;648
67214;44;978;7;985
67215;44;497;3;500
67216;44;2672;38;2710
67217;44;351;4;355
67218;44;26698;691;27389
67220;44;327;2;329
67221;44;347;5;352
67222;44;4048;37;4085
67223;44;1183;7;1190
67225;44;113;2;115
67226;44;2112;24;2136
67227;44;237;4;241
67228;44;795;17;812
67229;44;199;2;201
67230;44;2450;19;2469
67231;44;212;2;214
67232;44;204;6;210
67233;44;1203;20;1223
67234;44;1510;30;1540
67235;44;427;2;429
67236;44;549;10;559
67237;44;2515;35;2550
67238;44;638;7;645
67239;44;1660;32;1692
67240;44;719;3;722
67241;44;147;4;151
67242;44;526;5;531
67244;44;154;3;157
67245;44;207;3;210
67246;44;1267;18;1285
67247;44;973;21;994
67248;44;1715;26;1741
67249;44;239;7;246
67250;44;793;18;811
67252;44;1079;12;1091
67253;44;637;10;647
67254;44;913;16;929
67255;44;478;8;486
67256;44;3405;53;3458
67257;44;706;15;721
67258;44;193;3;196
67259;44;920;11;931
67260;44;321;5;326
67261;44;2331;27;2358
67263;44;1548;42;1590
67264;44;829;12;841
67265;44;550;7;557
67266;44;664;8;672
67267;44;19439;150;19589
67268;44;2664;30;2694
67269;44;297;3;300
67270;44;390;1;391
67271;44;648;7;655
67272;44;395;6;401
67273;44;515;6;521
67274;44;246;2;248
67275;44;806;13;819
67276;44;1879;28;1907
67277;44;760;11;771
67278;44;547;13;560
67279;44;233;5;238
67280;44;798;18;816
67281;44;4159;65;4224
67282;44;4250;65;4315
67283;44;2712;43;2755
67285;44;1461;108;1569
67286;44;1500;19;1519
67287;44;584;6;590
67288;44;324;4;328
67289;44;635;10;645
67290;44;922;17;939
67291;44;3363;40;3403
67292;44;669;12;681
67293;44;652;11;663
67295;44;620;24;644
67296;44;2086;24;2110
67298;44;569;8;577
67299;44;905;25;930
67300;44;9343;132;9475
67301;44;2126;20;2146
67302;44;2032;37;2069
67303;44;684;12;696
67304;44;576;13;589
67305;44;1955;21;1976
67306;44;643;54;697
67307;44;463;5;468
67308;44;802;9;811
67309;44;4749;62;4811
67310;44;1169;34;1203
67311;44;2136;28;2164
67312;44;477;9;486
67313;44;6063;53;6116
67314;44;531;8;539
67315;44;668;14;682
67317;44;671;17;688
67319;44;365;3;368
67320;44;623;10;633
67321;44;331;8;339
67322;44;1102;13;1115
67324;44;4381;68;4449
67325;44;1398;17;1415
67326;44;1663;13;1676
67327;44;961;22;983
67328;44;877;7;884
67329;44;1268;22;1290
67330;44;927;9;936
67331;44;1380;13;1393
67333;44;292;5;297
67334;44;115;1;116
67335;44;925;16;941
67336;44;1740;30;1770
67337;44;456;16;472
67338;44;1349;23;1372
67339;44;4183;47;4230
67340;44;1554;27;1581
67341;44;390;2;392
67342;44;1760;29;1789
67343;44;5363;56;5419
67344;44;318;4;322
67345;44;3497;27;3524
67346;44;547;11;558
67347;44;1685;22;1707
67348;44;11765;456;12221
67349;44;531;9;540
67350;44;2279;24;2303
67351;44;1699;38;1737
67352;44;409;8;417
67353;44;231;2;233
67354;44;515;9;524
67355;44;1167;28;1195
67356;44;2518;23;2541
67358;44;802;13;815
67359;44;1305;23;1328
67360;44;1071;14;1085
67361;44;500;7;507
67362;44;589;5;594
67363;44;816;17;833
67364;44;930;17;947
67365;44;12723;129;12852
67366;44;782;18;800
67367;44;1312;32;1344
67368;44;1537;31;1568
67369;44;260;5;265
67370;44;660;12;672
67371;44;624;4;628
67372;44;5040;59;5099
67373;44;318;4;322
67375;44;1307;17;1324
67377;44;997;11;1008
67378;44;4465;42;4507
67379;44;896;15;911
67380;44;203;4;207
67381;44;359;5;364
67382;44;782;18;800
67383;44;183;5;188
67384;44;313;6;319
67385;44;245;2;247
67386;44;209;2;211
67387;44;298;9;307
67388;44;5402;84;5486
67389;44;4397;41;4438
67391;44;448;6;454
67392;44;850;12;862
67394;44;279;6;285
67395;44;393;10;403
67396;44;201;1;202
67397;44;2670;31;2701
67398;44;360;2;362
67400;44;1108;20;1128
67401;44;306;10;316
67403;44;439;11;450
67404;44;908;16;924
67405;44;2281;50;2331
67406;44;340;3;343
67407;44;1613;13;1626
67408;44;1214;17;1231
67409;44;1010;8;1018
67410;44;661;14;675
67411;44;5221;112;5333
67412;44;1024;9;1033
67413;44;522;11;533
67414;44;1550;20;1570
67415;44;470;1;471
67416;44;469;10;479
67417;44;297;9;306
67418;44;1929;35;1964
67420;44;1240;16;1256
67421;44;828;12;840
67422;44;592;10;602
67423;44;586;7;593
67424;44;237;0;237
67425;44;533;13;546
67426;44;362;1;363
67427;44;341;14;355
67428;44;492;12;504
67429;44;627;12;639
67430;44;763;25;788
67432;44;584;11;595
67433;44;1376;10;1386
67434;44;2796;43;2839
67435;44;837;21;858
67436;44;501;12;513
67437;44;11378;306;11684
67438;44;821;13;834
67440;44;553;12;565
67441;44;330;5;335
67442;44;1242;61;1303
67443;44;842;20;862
67444;44;121;3;124
67445;44;3217;53;3270
67446;44;430;11;441
67447;44;33780;198;33978
67448;44;2149;49;2198
67449;44;2258;21;2279
67450;44;695;16;711
67451;44;1394;32;1426
67452;44;1713;32;1745
67453;44;613;8;621
67454;44;400;8;408
67455;44;696;11;707
67456;44;450;10;460
67458;44;4942;61;5003
67459;44;746;17;763
67460;44;1715;22;1737
67461;44;327;14;341
67462;44;19242;265;19507
67463;44;3162;34;3196
67464;44;949;13;962
67465;44;2324;33;2357
67466;44;509;9;518
67467;44;383;7;390
67468;44;623;16;639
67470;44;99;1;100
67471;44;7994;62;8056
67472;44;4827;55;4882
67473;44;961;18;979
67474;44;3190;35;3225
67475;44;230;3;233
67476;44;740;6;746
67477;44;607;18;625
67478;44;1940;28;1968
67479;44;597;22;619
67480;44;1811;26;1837
67481;44;1089;14;1103
67482;44;287228;2878;290106
67483;44;233;4;237
67484;44;487;10;497
67485;44;1593;26;1619
67486;44;1851;24;1875
67487;44;1714;25;1739
67488;44;186;4;190
67489;44;811;19;830
67490;44;586;18;604
67491;44;249;0;249
67492;44;649;16;665
67493;44;440;10;450
67494;44;584;11;595
67495;44;4267;99;4366
67497;44;677;14;691
67498;44;705;6;711
67499;44;318;14;332
67500;44;1457;35;1492
67501;44;561;4;565
67502;44;209;2;211
67503;44;160;2;162
67504;44;1397;15;1412
67505;44;401;13;414
67506;44;5971;69;6040
67507;44;1802;33;1835
67508;44;417;19;436
67509;44;351;3;354
67510;44;599;1;600
67511;44;948;274;1222
67513;44;129;1;130
67514;44;632;9;641
67515;44;568;9;577
67516;44;665;8;673
67517;44;670;11;681
67519;44;5881;112;5993
67520;44;5711;65;5776
67521;44;450;3;453
67522;44;546;7;553
67523;44;2766;37;2803
67524;44;521;8;529
67525;44;1636;26;1662
67526;44;1571;18;1589
67527;44;335;8;343
67528;44;565;9;574
67529;44;3398;35;3433
67530;44;377;6;383
67531;44;285;6;291
67532;44;1088;18;1106
67534;44;732;3;735
67535;44;1057;21;1078
67536;44;158;1;159
67537;44;446;6;452
67538;44;1585;21;1606
67539;44;2330;42;2372
67540;44;873;12;885
67541;44;533;2;535
67542;44;482;3;485
67543;44;2089;29;2118
67544;44;7487;213;7700
67545;44;503;7;510
67546;44;671;5;676
67547;44;2057;25;2082
67548;44;881;13;894
67550;44;1726;23;1749
67551;44;4174;56;4230
67552;44;346;10;356
67553;44;317;4;321
67554;44;969;13;982
67555;44;249;3;252
67556;44;203;3;206
67557;44;812;12;824
67558;44;748;13;761
67559;44;249;2;251
68001;44;1124;13;1137
68002;44;389;4;393
68004;44;5659;130;5789
68005;44;1761;48;1809
68006;44;1197;28;1225
68007;44;2182;73;2255
68008;44;578;11;589
68009;44;863;11;874
68010;44;1120;20;1140
68011;44;1317;26;1343
68012;44;1771;44;1815
68013;44;986;22;1008
68014;44;370;9;379
68015;44;2667;48;2715
68016;44;985;19;1004
68017;44;816;17;833
68018;44;731;16;747
68019;44;566;8;574
68020;44;1594;33;1627
68021;44;3987;85;4072
68022;44;1594;14;1608
68023;44;939;24;963
68024;44;162;6;168
68025;44;236;3;239
68026;44;1393;28;1421
68027;44;341;9;350
68028;44;2070;48;2118
68029;44;1096;32;1128
68030;44;424;14;438
68032;44;1195;36;1231
68033;44;441;8;449
68034;44;312;16;328
68035;44;323;14;337
68036;44;2530;55;2585
68037;44;467;7;474
68038;44;1118;26;1144
68039;44;546;15;561
68040;44;1988;37;2025
68041;44;1999;26;2025
68042;44;4661;116;4777
68043;44;4122;57;4179
68044;44;741;30;771
68045;44;555;16;571
68046;44;417;10;427
68049;44;439;15;454
68050;44;404;13;417
68051;44;823;16;839
68052;44;184;3;187
68054;44;417;8;425
68055;44;1052;33;1085
68056;44;8163;214;8377
68057;44;279;5;284
68058;44;3354;37;3391
68059;44;1921;45;1966
68060;44;1749;46;1795
68061;44;1060;17;1077
68062;44;2045;105;2150
68063;44;11476;208;11684
68064;44;970;19;989
68065;44;708;10;718
68066;44;68682;1074;69756
68067;44;354;2;356
68068;44;2262;36;2298
68069;44;1491;32;1523
68071;44;297;6;303
68072;44;1430;53;1483
68073;44;479;11;490
68074;44;558;7;565
68075;44;824;17;841
68076;44;964;11;975
68077;44;371;10;381
68078;44;1721;41;1762
68079;44;255;0;255
68080;44;302;3;305
68081;44;570;9;579
68082;44;7512;70;7582
68083;44;364;13;377
68084;44;1479;48;1527
68085;44;378;5;383
68086;44;207;10;217
68087;44;461;11;472
68088;44;997;20;1017
68089;44;1601;25;1626
68090;44;812;13;825
68091;44;2267;47;2314
68092;44;393;6;399
68093;44;1438;48;1486
68094;44;941;14;955
68095;44;1168;40;1208
68096;44;367;4;371
68097;44;1316;32;1348
68098;44;650;7;657
68099;44;778;18;796
68100;44;339;14;353
68101;44;821;18;839
68102;44;439;10;449
68103;44;502;9;511
68104;44;296;5;301
68105;44;259;15;274
68106;44;279;6;285
68107;44;374;8;382
68109;44;696;14;710
68110;44;806;18;824
68111;44;854;25;879
68112;44;11020;305;11325
68113;44;1422;28;1450
68114;44;142;1;143
68115;44;1291;21;1312
68116;44;716;22;738
68117;44;889;18;907
68118;44;4999;87;5086
68119;44;743;16;759
68120;44;1245;28;1273
68121;44;706;19;725
68122;44;637;10;647
68123;44;784;28;812
68124;44;380;10;390
68125;44;518;9;527
68126;44;3369;73;3442
68127;44;645;14;659
68128;44;662;15;677
68129;44;1327;50;1377
68130;44;1036;20;1056
68131;44;165;1;166
68132;44;716;18;734
68134;44;1859;28;1887
68135;44;2770;54;2824
68136;44;327;11;338
68137;44;621;9;630
68138;44;2120;52;2172
68139;44;1462;22;1484
68140;44;1302;15;1317
68141;44;2170;58;2228
68142;44;375;12;387
68143;44;1823;59;1882
68144;44;1346;26;1372
68145;44;6234;118;6352
68146;44;2327;23;2350
68147;44;606;8;614
68148;44;359;8;367
68149;44;7261;97;7358
68150;44;514;13;527
68151;44;1048;11;1059
68152;44;2473;39;2512
68153;44;730;14;744
68154;44;14784;201;14985
68155;44;4680;75;4755
68156;44;3418;47;3465
68157;44;1367;39;1406
68158;44;500;15;515
68159;44;911;25;936
68160;44;585;24;609
68161;44;537;23;560
68162;44;4394;92;4486
68163;44;5496;102;5598
68165;44;242;10;252
68166;44;13263;150;13413
68167;44;734;22;756
68168;44;376;7;383
68169;44;506;10;516
68170;44;586;24;610
68171;44;945;12;957
68172;44;1795;30;1825
68173;44;2122;76;2198
68174;44;1650;25;1675
68175;44;1871;40;1911
68176;44;324;4;328
68177;44;1492;38;1530
68178;44;950;14;964
68179;44;917;15;932
68180;44;909;29;938
68181;44;248;4;252
68182;44;1212;27;1239
68183;44;183;4;187
68184;44;303;9;312
68185;44;1684;32;1716
68186;44;307;10;317
68187;44;333;10;343
68188;44;584;19;603
68189;44;855;26;881
68190;44;33;0;33
68191;44;760;23;783
68192;44;427;7;434
68193;44;751;9;760
68194;44;283;5;288
68195;44;6247;98;6345
68196;44;300;5;305
68197;44;485;10;495
68198;44;286;8;294
68199;44;502;2;504
68200;44;533;12;545
68201;44;3720;79;3799
68202;44;202;4;206
68203;44;1247;26;1273
68204;44;1042;15;1057
68205;44;1830;19;1849
68207;44;697;9;706
68208;44;597;11;608
68209;44;834;16;850
68210;44;327;1;328
68211;44;386;8;394
68212;44;519;12;531
68213;44;341;10;351
68214;44;378;8;386
68215;44;908;7;915
68216;44;409;6;415
68217;44;1640;20;1660
68218;44;3692;76;3768
68219;44;881;24;905
68221;44;926;13;939
68222;44;1057;19;1076
68223;44;782;14;796
68224;44;108312;1219;109531
68225;44;1561;28;1589
68226;44;4699;84;4783
68227;44;1286;34;1320
68228;44;464;12;476
68229;44;163;3;166
68230;44;584;7;591
68231;44;1963;16;1979
68232;44;484;7;491
68234;44;733;11;744
68235;44;1147;16;1163
68237;44;558;15;573
68238;44;945;25;970
68239;44;390;15;405
68240;44;1319;19;1338
68241;44;665;9;674
68242;44;1245;26;1271
68243;44;140;1;141
68244;44;358;6;364
68245;44;412;15;427
68246;44;1018;13;1031
68247;44;1260;14;1274
68248;44;673;20;693
68249;44;3467;66;3533
68250;44;1041;18;1059
68251;44;859;22;881
68252;44;1654;30;1684
68253;44;1973;30;2003
68254;44;827;18;845
68255;44;1386;42;1428
68256;44;9723;131;9854
68257;44;966;23;989
68258;44;3017;77;3094
68259;44;515;7;522
68260;44;1113;26;1139
68261;44;229;6;235
68262;44;801;17;818
68263;44;635;13;648
68264;44;628;11;639
68265;44;797;23;820
68266;44;1990;30;2020
68267;44;1979;25;2004
68268;44;704;10;714
68269;44;4665;176;4841
68270;44;3692;59;3751
68271;44;12520;326;12846
68273;44;632;40;672
68274;44;188;0;188
68275;44;446;11;457
68276;44;192;2;194
68277;44;1090;19;1109
68278;44;14204;201;14405
68279;44;902;30;932
68280;44;374;6;380
68281;44;466;13;479
68282;44;280;5;285
68283;44;771;23;794
68284;44;696;10;706
68285;44;371;8;379
68286;44;2371;49;2420
68287;44;4302;236;4538
68288;44;401;4;405
68289;44;2329;37;2366
68290;44;888;16;904
68291;44;1059;27;1086
68292;44;2233;43;2276
68293;44;83;1;84
68294;44;1908;30;1938
68295;44;3029;66;3095
68296;44;993;14;1007
68297;44;22413;287;22700
68298;44;5054;127;5181
68299;44;312;0;312
68300;44;5479;125;5604
68301;44;1269;25;1294
68302;44;752;30;782
68303;44;229;7;236
68304;44;1561;39;1600
68305;44;1390;28;1418
68306;44;507;8;515
68307;44;498;10;508
68308;44;325;12;337
68309;44;3842;76;3918
68311;44;598;12;610
68312;44;318;6;324
68313;44;775;11;786
68315;44;7048;134;7182
68316;44;730;21;751
68317;44;1106;19;1125
68318;44;2392;52;2444
68320;44;1369;47;1416
68321;44;4046;62;4108
68322;44;1349;29;1378
68323;44;809;24;833
68324;44;611;17;628
68325;44;764;9;773
68326;44;153;5;158
68327;44;350;7;357
68328;44;201;1;202
68329;44;1349;34;1383
68330;44;338;8;346
68331;44;1939;58;1997
68332;44;949;13;962
68333;44;296;6;302
68334;44;7767;148;7915
68335;44;464;6;470
68336;44;459;8;467
68337;44;605;11;616
68338;44;3831;80;3911
68340;44;373;15;388
68341;44;946;30;976
68342;44;1698;43;1741
68343;44;2381;34;2415
68344;44;438;10;448
68345;44;757;27;784
68347;44;693;22;715
68348;44;2815;51;2866
68349;44;4421;95;4516
68350;44;477;15;492
68351;44;639;13;652
68352;44;2680;24;2704
68353;44;491;17;508
68354;44;920;37;957
68355;44;1543;28;1571
68356;44;880;21;901
68357;44;514;17;531
68358;44;471;11;482
68359;44;1663;59;1722
68360;44;653;4;657
68361;44;320;5;325
68362;44;771;15;786
68363;44;587;12;599
68364;44;992;19;1011
68365;44;1745;64;1809
68366;44;711;30;741
68367;44;1178;21;1199
68368;44;1242;35;1277
68370;44;169;2;171
68371;44;310;9;319
68372;44;1780;39;1819
68373;44;300;12;312
68374;44;7853;408;8261
68375;44;10362;137;10499
68376;44;14776;111;14887
68377;44;794;19;813
68378;44;380;4;384
68379;44;1036;20;1056
68380;44;443;11;454
68381;44;799;16;815
68382;44;379;4;383
68383;44;320;8;328
68384;44;2538;61;2599
68385;44;837;25;862
68386;44;1041;22;1063
69001;84;391;3;394
69002;84;245;1;246
69003;84;2947;42;2989
69004;84;768;24;792
69005;84;584;9;593
69006;84;4919;119;5038
69007;84;2749;45;2794
69008;84;668;15;683
69009;84;7538;164;7702
69010;84;6410;196;6606
69012;84;611;15;626
69013;84;3897;82;3979
69014;84;1129;22;1151
69016;84;121;0;121
69017;84;745;21;766
69018;84;2148;32;2180
69019;84;13314;277;13591
69020;84;681;19;700
69021;84;2340;80;2420
69022;84;558;16;574
69023;84;1635;25;1660
69024;84;4122;103;4225
69026;84;548;10;558
69027;84;12097;175;12272
69028;84;6478;111;6589
69029;84;42244;401;42645
69030;84;818;15;833
69031;84;1379;104;1483
69032;84;1988;36;2024
69033;84;2883;74;2957
69034;84;43294;622;43916
69035;84;381;7;388
69036;84;1138;22;1160
69037;84;833;12;845
69038;84;928;25;953
69039;84;694;10;704
69040;84;5748;48;5796
69042;84;566;15;581
69043;84;8846;173;9019
69044;84;5170;146;5316
69045;84;1248;68;1316
69046;84;4563;138;4701
69047;84;1051;21;1072
69049;84;2791;65;2856
69050;84;2113;42;2155
69051;84;1170;33;1203
69052;84;4132;113;4245
69053;84;543;13;556
69054;84;343;2;345
69055;84;1448;27;1475
69056;84;2107;52;2159
69057;84;582;13;595
69058;84;384;9;393
69059;84;1537;28;1565
69060;84;576;83;659
69061;84;1188;34;1222
69062;84;778;23;801
69063;84;4315;86;4401
69064;84;3957;83;4040
69065;84;965;15;980
69066;84;4390;80;4470
69067;84;1168;21;1189
69068;84;2454;48;2502
69069;84;11248;184;11432
69070;84;1266;28;1294
69071;84;1179;27;1206
69072;84;8752;612;9364
69074;84;1550;40;1590
69075;84;193;2;195
69076;84;2595;101;2696
69077;84;965;12;977
69078;84;837;16;853
69080;84;1901;16;1917
69081;84;18948;385;19333
69082;84;270;8;278
69083;84;1164;39;1203
69084;84;1282;22;1304
69085;84;1492;42;1534
69086;84;2290;63;2353
69087;84;3033;73;3106
69088;84;7066;97;7163
69089;84;14906;258;15164
69090;84;809;24;833
69091;84;20285;104;20389
69092;84;7496;345;7841
69093;84;1187;19;1206
69094;84;6062;115;6177
69095;84;827;17;844
69096;84;9706;75;9781
69097;84;772;20;792
69098;84;508;7;515
69099;84;1442;28;1470
69100;84;8750;121;8871
69102;84;734;12;746
69103;84;899;22;921
69104;84;432;9;441
69105;84;1021;37;1058
69106;84;1181;24;1205
69107;84;1055;66;1121
69108;84;1043;22;1065
69109;84;861;27;888
69110;84;1862;30;1892
69111;84;673;17;690
69112;84;6480;155;6635
69113;84;901;27;928
69115;84;4871;98;4969
69116;84;3648;102;3750
69117;84;3134;75;3209
69118;84;2618;32;2650
69119;84;977;8;985
69120;84;595;16;611
69121;84;2729;45;2774
69122;84;1916;53;1969
69124;84;459;9;468
69125;84;876;15;891
69126;84;768;28;796
69127;84;3549;64;3613
69130;84;233;3;236
69131;84;3402;85;3487
69132;84;847;15;862
69133;84;4318;80;4398
69134;84;227;10;237
69135;84;1911;53;1964
69136;84;3118;55;3173
69137;84;516;7;523
69138;84;445;9;454
69139;84;1378;77;1455
69140;84;1995;46;2041
69141;84;6144;172;6316
69142;84;6524;73;6597
69143;84;7562;88;7650
69145;84;921;25;946
69148;84;2541;71;2612
69149;84;26553;278;26831
69151;84;1524;32;1556
69152;84;10397;60;10457
69153;84;1377;28;1405
69154;84;2845;53;2898
69155;84;1132;31;1163
69156;84;2713;82;2795
69157;84;5279;88;5367
69159;84;3907;93;4000
69160;84;1065;18;1083
69161;84;487;11;498
69162;84;1331;34;1365
69163;84;3495;50;3545
69164;84;322;10;332
69165;84;1126;25;1151
69166;84;328;2;330
69167;84;589;11;600
69168;84;1536;41;1577
69169;84;639;23;662
69170;84;1157;18;1175
69171;84;2363;26;2389
69172;84;761;27;788
69173;84;1016;25;1041
69174;84;614;11;625
69175;84;1996;56;2052
69176;84;4590;84;4674
69177;84;2064;46;2110
69178;84;825;20;845
69179;84;4055;74;4129
69180;84;288;9;297
69181;84;223;1;224
69182;84;356;2;358
69183;84;317;2;319
69184;84;991;21;1012
69186;84;213;4;217
69187;84;654;21;675
69188;84;908;9;917
69189;84;1884;29;1913
69190;84;2028;87;2115
69191;84;5747;142;5889
69192;84;153;7;160
69193;84;1269;32;1301
69194;84;7006;158;7164
69196;84;617;11;628
69197;84;2210;48;2258
69198;84;756;11;767
69199;84;19617;61;19678
69200;84;1472;31;1503
69201;84;1286;25;1311
69202;84;22175;392;22567
69203;84;1018;17;1035
69204;84;20914;477;21391
69205;84;5158;92;5250
69206;84;4409;92;4501
69207;84;3001;47;3048
69208;84;2262;60;2322
69209;84;566;16;582
69212;84;479;11;490
69214;84;1204;25;1229
69215;84;879;20;899
69216;84;566;11;577
69217;84;748;22;770
69218;84;1048;17;1065
69219;84;2133;63;2196
69220;84;1805;113;1918
69225;84;541;14;555
69227;84;3853;189;4042
69228;84;4224;93;4317
69229;84;800;14;814
69230;84;320;6;326
69231;84;2596;60;2656
69233;84;1228;50;1278
69234;84;1583;73;1656
69235;84;1967;106;2073
69236;84;590;7;597
69238;84;3710;96;3806
69239;84;1212;25;1237
69240;84;617;6;623
69241;84;2590;61;2651
69242;84;927;13;940
69243;84;10490;273;10763
69244;84;22286;351;22637
69245;84;710;25;735
69246;84;1295;35;1330
69248;84;6020;126;6146
69249;84;3053;63;3116
69250;84;4117;99;4216
69252;84;745;9;754
69253;84;637;10;647
69254;84;971;10;981
69255;84;6080;111;6191
69256;84;52795;221;53016
69257;84;1086;19;1105
69258;84;322;7;329
69259;84;67285;266;67551
69260;84;4999;56;5055
69261;84;104;1;105
69263;84;881;19;900
69264;84;36291;419;36710
69265;84;802;33;835
69266;84;152212;1082;153294
69267;84;2137;114;2251
69268;84;3367;91;3458
69269;84;992;24;1016
69270;84;4355;67;4422
69271;84;10638;152;10790
69272;84;4242;85;4327
69273;84;11196;73;11269
69275;84;28930;139;29069
69276;84;9902;52;9954
69277;84;13181;221;13402
69278;84;5509;105;5614
69279;84;6076;76;6152
69280;84;1528;13;1541
69281;84;1912;23;1935
69282;84;34640;301;34941
69283;84;13707;146;13853
69284;84;3230;116;3346
69285;84;4191;38;4229
69286;84;30697;366;31063
69287;84;6875;108;6983
69288;84;5458;67;5525
69289;84;4579;82;4661
69290;84;46927;284;47211
69291;84;5789;56;5845
69292;84;6497;63;6560
69293;84;2369;48;2417
69294;84;2772;37;2809
69295;84;1810;9;1819
69296;84;2986;33;3019
69297;84;5512;74;5586
69298;84;3188;28;3216
69299;84;2700;42;2742
69381;84;29641;782;30423
69382;84;31303;386;31689
69383;84;102725;1006;103731
69384;84;36064;406;36470
69385;84;49664;1085;50749
69386;84;52862;884;53746
69387;84;82573;493;83066
69388;84;86154;1022;87176
69389;84;51983;537;52520
70001;27;357;4;361
70002;27;209;7;216
70003;27;69;2;71
70004;27;307;2;309
70005;27;134;2;136
70006;27;1490;102;1592
70007;27;304;6;310
70008;27;148;2;150
70009;27;102;1;103
70010;27;104;1;105
70011;27;317;4;321
70012;27;656;11;667
70013;27;67;0;67
70014;27;399;6;405
70015;27;274;6;280
70016;27;162;2;164
70017;27;240;2;242
70018;27;512;4;516
70019;27;143;4;147
70020;27;244;2;246
70021;27;191;5;196
70022;27;147;3;150
70023;27;143;3;146
70024;27;446;14;460
70025;27;242;4;246
70026;27;2533;26;2559
70027;27;71;1;72
70028;27;143;3;146
70029;27;239;2;241
70030;27;45;1;46
70031;27;644;17;661
70032;27;45;0;45
70035;27;177;4;181
70036;27;159;2;161
70037;27;258;21;279
70038;27;315;9;324
70039;27;355;4;359
70040;27;239;3;242
70041;27;377;9;386
70042;27;103;1;104
70043;27;237;3;240
70044;27;408;12;420
70045;27;419;7;426
70046;27;367;7;374
70047;27;107;2;109
70048;27;139;3;142
70049;27;97;2;99
70050;27;98;0;98
70051;27;34;0;34
70052;27;121;3;124
70053;27;77;1;78
70054;27;241;4;245
70055;27;500;7;507
70056;27;310;1;311
70057;27;149;2;151
70058;27;931;14;945
70059;27;470;8;478
70060;27;294;3;297
70061;27;85;0;85
70062;27;142;5;147
70063;27;210;3;213
70064;27;149;3;152
70065;27;77;1;78
70066;27;180;1;181
70067;27;126;0;126
70069;27;46;0;46
70070;27;28;2;30
70071;27;56;0;56
70072;27;83;2;85
70074;27;244;3;247
70075;27;199;2;201
70076;27;376;8;384
70077;27;221;4;225
70078;27;93;2;95
70079;27;524;12;536
70080;27;238;4;242
70081;27;324;4;328
70082;27;130;2;132
70083;27;404;10;414
70084;27;663;10;673
70085;27;680;13;693
70086;27;75;0;75
70087;27;147;3;150
70088;27;117;2;119
70089;27;46;0;46
70090;27;60;2;62
70091;27;47;1;48
70092;27;177;3;180
70093;27;654;8;662
70094;27;301;5;306
70095;27;654;11;665
70096;27;635;17;652
70097;27;238;8;246
70098;27;211;4;215
70099;27;76;1;77
70100;27;133;0;133
70101;27;501;5;506
70102;27;277;10;287
70103;27;221;3;224
70104;27;590;13;603
70105;27;137;1;138
70106;27;113;2;115
70107;27;437;4;441
70109;27;306;2;308
70111;27;275;3;278
70112;27;174;5;179
70113;27;132;3;135
70114;27;205;2;207
70115;27;236;5;241
70116;27;617;12;629
70117;27;1238;33;1271
70118;27;194;2;196
70119;27;357;12;369
70120;27;3745;72;3817
70121;27;878;16;894
70122;27;1633;32;1665
70124;27;92;1;93
70125;27;176;2;178
70126;27;197;6;203
70127;27;110;6;116
70128;27;387;3;390
70129;27;162;3;165
70130;27;318;8;326
70132;27;704;67;771
70133;27;235;7;242
70134;27;204;2;206
70135;27;34;1;35
70136;27;489;9;498
70137;27;215;8;223
70138;27;124;3;127
70140;27;67;1;68
70141;27;118;2;120
70142;27;190;2;192
70143;27;124;6;130
70144;27;33;1;34
70145;27;480;10;490
70146;27;164;4;168
70147;27;228;4;232
70148;27;86;1;87
70149;27;693;17;710
70150;27;320;2;322
70151;27;36;0;36
70152;27;475;37;512
70153;27;96;1;97
70154;27;371;6;377
70155;27;799;15;814
70156;27;111;1;112
70157;27;361;10;371
70158;27;105;1;106
70159;27;89;0;89
70160;27;317;19;336
70162;27;459;13;472
70163;27;443;8;451
70164;27;89;2;91
70165;27;542;42;584
70166;27;154;5;159
70167;27;353;13;366
70168;27;620;17;637
70169;27;220;5;225
70170;27;122;2;124
70171;27;1263;29;1292
70172;27;109;0;109
70174;27;143;2;145
70175;27;136;3;139
70176;27;191;3;194
70177;27;603;15;618
70178;27;526;10;536
70179;27;168;3;171
70180;27;441;10;451
70181;27;132;0;132
70182;27;142;0;142
70183;27;60;0;60
70184;27;707;21;728
70185;27;187;9;196
70186;27;73;1;74
70187;27;263;3;266
70188;27;54;1;55
70189;27;250;4;254
70190;27;181;3;184
70192;27;206;2;208
70193;27;232;3;235
70194;27;134;8;142
70195;27;272;4;276
70196;27;250;9;259
70197;27;794;15;809
70198;27;1240;25;1265
70199;27;116;0;116
70200;27;39;1;40
70201;27;209;1;210
70202;27;273;7;280
70203;27;149;2;151
70204;27;156;4;160
70205;27;202;2;204
70206;27;555;7;562
70207;27;3249;69;3318
70208;27;292;5;297
70210;27;154;5;159
70211;27;65;2;67
70213;27;225;5;230
70214;27;122;5;127
70215;27;244;11;255
70216;27;439;24;463
70217;27;97;1;98
70218;27;134;1;135
70219;27;735;15;750
70220;27;407;6;413
70221;27;288;4;292
70222;27;78;1;79
70224;27;674;14;688
70225;27;104;2;106
70226;27;309;3;312
70227;27;477;15;492
70228;27;980;11;991
70229;27;260;6;266
70230;27;98;4;102
70231;27;35;0;35
70232;27;130;5;135
70233;27;135;2;137
70234;27;226;11;237
70235;27;145;4;149
70236;27;467;9;476
70237;27;97;0;97
70238;27;137;4;141
70239;27;201;5;206
70240;27;1327;24;1351
70242;27;133;0;133
70243;27;337;12;349
70244;27;111;0;111
70245;27;3797;123;3920
70247;27;212;3;215
70248;27;1379;35;1414
70249;27;119;3;122
70250;27;451;6;457
70251;27;100;4;104
70252;27;178;3;181
70253;27;297;28;325
70254;27;253;7;260
70255;27;497;4;501
70256;27;710;12;722
70257;27;742;14;756
70258;27;1990;46;2036
70259;27;370;6;376
70260;27;686;20;706
70261;27;1361;33;1394
70262;27;161;4;165
70263;27;238;2;240
70264;27;50;0;50
70265;27;151;5;156
70267;27;485;7;492
70268;27;213;4;217
70269;27;35;1;36
70271;27;374;11;385
70272;27;186;11;197
70273;27;67;1;68
70274;27;48;0;48
70275;27;393;5;398
70276;27;184;8;192
70277;27;381;9;390
70278;27;215;4;219
70279;27;5553;424;5977
70280;27;937;36;973
70282;27;1012;20;1032
70283;27;442;7;449
70284;27;268;8;276
70285;27;10646;272;10918
70286;27;128;3;131
70287;27;44;0;44
70288;27;120;1;121
70289;27;210;2;212
70290;27;203;6;209
70291;27;124;3;127
70292;27;1548;34;1582
70293;27;77;2;79
70294;27;357;4;361
70295;27;220;5;225
70296;27;271;2;273
70297;27;60;0;60
70298;27;117;0;117
70299;27;311;2;313
70301;27;56;0;56
70302;27;77;1;78
70303;27;153;1;154
70304;27;122;1;123
70305;27;103;2;105
70306;27;460;13;473
70307;27;124;7;131
70308;27;222;6;228
70309;27;453;10;463
70310;27;8046;185;8231
70311;27;6623;273;6896
70312;27;759;21;780
70313;27;395;5;400
70314;27;168;6;174
70315;27;408;11;419
70316;27;83;4;87
70317;27;141;4;145
70318;27;431;15;446
70319;27;124;3;127
70320;27;98;3;101
70321;27;1400;29;1429
70322;27;284;6;290
70323;27;197;1;198
70324;27;645;15;660
70325;27;372;3;375
70326;27;309;3;312
70327;27;134;3;137
70328;27;327;6;333
70329;27;61;4;65
70330;27;287;7;294
70331;27;440;20;460
70332;27;56;1;57
70334;27;1508;24;1532
70335;27;62;2;64
70336;27;137;3;140
70337;27;59;1;60
70338;27;228;7;235
70339;27;1674;31;1705
70340;27;214;27;241
70341;27;300;3;303
70342;27;136;1;137
70343;27;285;5;290
70344;27;339;9;348
70347;27;356;8;364
70348;27;620;12;632
70349;27;235;3;238
70350;27;65;0;65
70351;27;228;3;231
70352;27;37;0;37
70353;27;503;8;511
70355;27;302;4;306
70356;27;278;6;284
70357;27;543;87;630
70358;27;272;4;276
70359;27;55;0;55
70360;27;78;1;79
70361;27;158;5;163
70362;27;138;4;142
70363;27;645;15;660
70364;27;119;1;120
70366;27;123;0;123
70367;27;184;4;188
70368;27;132;3;135
70369;27;48;0;48
70371;27;203;1;204
70372;27;152;4;156
70373;27;285;4;289
70374;27;95;2;97
70376;27;463;10;473
70378;27;1623;50;1673
70380;27;176;4;180
70381;27;341;10;351
70383;27;417;4;421
70384;27;224;3;227
70385;27;333;10;343
70386;27;177;2;179
70387;27;662;10;672
70388;27;1978;75;2053
70389;27;58;2;60
70390;27;502;11;513
70392;27;34;2;36
70393;27;430;6;436
70394;27;60;4;64
70395;27;52;0;52
70396;27;39;2;41
70397;27;81;0;81
70398;27;66;0;66
70399;27;208;7;215
70400;27;108;2;110
70401;27;132;1;133
70402;27;371;11;382
70403;27;243;3;246
70404;27;576;16;592
70405;27;194;4;198
70406;27;76;1;77
70407;27;272;5;277
70408;27;1068;29;1097
70409;27;115;2;117
70410;27;699;3;702
70411;27;38;0;38
70412;27;71;0;71
70413;27;1903;36;1939
70414;27;960;15;975
70415;27;658;9;667
70416;27;204;5;209
70417;27;306;3;309
70418;27;518;4;522
70419;27;107;4;111
70420;27;63;0;63
70421;27;2954;55;3009
70422;27;145;1;146
70423;27;113;3;116
70425;27;148;6;154
70426;27;251;7;258
70427;27;335;9;344
70428;27;1455;49;1504
70429;27;547;14;561
70430;27;69;1;70
70431;27;249;3;252
70432;27;326;7;333
70433;27;1396;38;1434
70435;27;829;22;851
70436;27;116;0;116
70437;27;16;0;16
70438;27;212;3;215
70439;27;355;7;362
70440;27;33;2;35
70441;27;253;3;256
70442;27;109;3;112
70443;27;89;1;90
70444;27;163;1;164
70445;27;115;1;116
70446;27;604;9;613
70447;27;2297;75;2372
70448;27;152;2;154
70449;27;62;0;62
70450;27;40;0;40
70451;27;2735;28;2763
70452;27;254;3;257
70453;27;81;3;84
70454;27;48;2;50
70455;27;1493;24;1517
70456;27;148;5;153
70457;27;107;3;110
70459;27;1101;25;1126
70460;27;430;9;439
70461;27;116;2;118
70462;27;80;2;82
70463;27;144;1;145
70464;27;1353;23;1376
70466;27;124;3;127
70467;27;3150;66;3216
70468;27;90;1;91
70469;27;211;4;215
70470;27;160;2;162
70471;27;25;1;26
70472;27;485;4;489
70473;27;1929;32;1961
70474;27;127;2;129
70476;27;65;1;66
70477;27;773;13;786
70478;27;888;15;903
70479;27;98;4;102
70480;27;134;6;140
70481;27;205;4;209
70482;27;1543;25;1568
70483;27;137;5;142
70484;27;178;3;181
70485;27;202;5;207
70486;27;111;3;114
70487;27;291;3;294
70488;27;194;1;195
70489;27;788;6;794
70490;27;123;1;124
70491;27;480;14;494
70492;27;579;10;589
70493;27;462;8;470
70494;27;347;6;353
70496;27;25;1;26
70498;27;460;14;474
70499;27;103;2;105
70500;27;167;11;178
70501;27;98;3;101
70502;27;85;0;85
70503;27;162;2;164
70504;27;360;13;373
70505;27;162;7;169
70506;27;388;13;401
70507;27;246;6;252
70509;27;113;0;113
70510;27;130;3;133
70511;27;226;3;229
70512;27;219;5;224
70513;27;2418;55;2473
70514;27;670;11;681
70515;27;67;1;68
70516;27;245;3;248
70517;27;395;18;413
70518;27;98;2;100
70519;27;110;0;110
70520;27;115;3;118
70521;27;183;4;187
70522;27;158;3;161
70523;27;197;3;200
70524;27;113;3;116
70525;27;211;3;214
70526;27;625;14;639
70527;27;75;1;76
70528;27;486;9;495
70529;27;385;16;401
70530;27;120;0;120
70531;27;104;1;105
70532;27;519;6;525
70533;27;121;0;121
70534;27;125;1;126
70535;27;153;1;154
70536;27;132;2;134
70537;27;294;6;300
70538;27;82;0;82
70539;27;455;12;467
70540;27;80;4;84
70541;27;204;4;208
70542;27;209;5;214
70544;27;115;2;117
70545;27;127;3;130
70546;27;219;22;241
70547;27;168;3;171
70548;27;141;1;142
70549;27;78;1;79
70550;27;14914;749;15663
70552;27;215;3;218
70553;27;116;2;118
70554;27;191;1;192
70555;27;171;1;172
70557;27;133;4;137
70558;27;140;2;142
70559;27;195;4;199
70560;27;165;2;167
70561;27;1423;108;1531
70562;27;154;3;157
70563;27;533;13;546
70564;27;310;16;326
70565;27;52;2;54
70566;27;200;5;205
70567;27;134;9;143
70568;27;57;4;61
70569;27;61;1;62
70571;27;39;3;42
70572;27;290;5;295
70573;27;125;1;126
70574;27;57;0;57
70575;27;841;16;857
70576;27;151;1;152
70577;27;379;9;388
70578;27;174;2;176
70579;27;428;16;444
70580;27;152;5;157
70581;27;704;16;720
70582;27;81;0;81
70583;27;130;1;131
71001;27;799;15;814
71002;27;1243;20;1263
71003;27;795;6;801
71004;27;1164;25;1189
71005;27;251;10;261
71006;27;185;5;190
71007;27;167;4;171
71008;27;151;7;158
71009;27;719;14;733
71010;27;864;10;874
71011;27;444;86;530
71012;27;331;15;346
71013;27;272;5;277
71014;27;12987;1022;14009
71015;27;914;29;943
71016;27;1082;27;1109
71017;27;95;4;99
71018;27;547;11;558
71019;27;143;7;150
71020;27;98;2;100
71021;27;291;22;313
71022;27;625;9;634
71023;27;956;26;982
71024;27;509;17;526
71025;27;358;8;366
71026;27;337;13;350
71027;27;721;7;728
71028;27;106;3;109
71029;27;292;4;296
71030;27;203;4;207
71031;27;59;1;60
71032;27;690;14;704
71033;27;861;19;880
71034;27;335;7;342
71035;27;204;3;207
71036;27;69;0;69
71037;27;84;6;90
71038;27;468;13;481
71039;27;181;1;182
71040;27;6060;140;6200
71041;27;190;2;192
71042;27;318;7;325
71043;27;83;3;86
71044;27;296;6;302
71045;27;179;6;185
71046;27;94;0;94
71047;27;4713;72;4785
71048;27;175;2;177
71050;27;340;7;347
71051;27;130;7;137
71052;27;729;11;740
71054;27;685;13;698
71056;27;2354;37;2391
71057;27;124;3;127
71058;27;185;11;196
71059;27;3538;67;3605
71060;27;228;2;230
71061;27;460;16;476
71062;27;292;8;300
71063;27;753;14;767
71064;27;985;25;1010
71065;27;273;8;281
71066;27;119;3;122
71067;27;124;3;127
71068;27;57;2;59
71069;27;579;27;606
71070;27;2138;85;2223
71071;27;263;8;271
71072;27;141;2;143
71073;27;5528;80;5608
71074;27;564;19;583
71075;27;627;11;638
71076;27;45056;1521;46577
71077;27;513;4;517
71078;27;151;3;154
71079;27;463;11;474
71080;27;97;0;97
71081;27;2588;56;2644
71082;27;223;3;226
71084;27;529;11;540
71085;27;222;2;224
71086;27;466;9;475
71087;27;165;1;166
71088;27;226;12;238
71089;27;238;2;240
71090;27;4171;53;4224
71091;27;189;2;191
71092;27;504;13;517
71093;27;662;18;680
71094;27;139;2;141
71095;27;437;10;447
71096;27;192;2;194
71097;27;480;12;492
71098;27;250;4;254
71099;27;316;14;330
71100;27;203;0;203
71101;27;452;8;460
71102;27;688;24;712
71103;27;274;6;280
71104;27;190;7;197
71105;27;7742;297;8039
71106;27;2888;438;3326
71107;27;331;10;341
71108;27;168;5;173
71109;27;352;2;354
71110;27;565;10;575
71111;27;305;11;316
71112;27;228;8;236
71113;27;98;0;98
71115;27;92;4;96
71116;27;169;2;171
71117;27;1095;31;1126
71118;27;6148;143;6291
71119;27;1119;24;1143
71120;27;3703;69;3772
71121;27;316;3;319
71122;27;557;15;572
71123;27;373;4;377
71124;27;203;7;210
71125;27;20;0;20
71126;27;584;23;607
71127;27;60;5;65
71128;27;88;5;93
71129;27;271;7;278
71130;27;229;6;235
71131;27;851;13;864
71132;27;2260;30;2290
71133;27;1637;58;1695
71134;27;661;21;682
71135;27;891;20;911
71136;27;276;8;284
71137;27;4929;247;5176
71139;27;144;0;144
71140;27;50;0;50
71141;27;310;6;316
71142;27;240;4;244
71143;27;459;8;467
71144;27;191;5;196
71145;27;564;5;569
71146;27;232;7;239
71147;27;251;6;257
71148;27;843;17;860
71149;27;1323;29;1352
71150;27;3089;86;3175
71151;27;78;4;82
71152;27;180;9;189
71153;27;21269;298;21567
71154;27;2469;62;2531
71155;27;519;16;535
71156;27;262;65;327
71157;27;1829;31;1860
71158;27;1571;40;1611
71159;27;202;8;210
71160;27;310;9;319
71161;27;319;6;325
71162;27;1153;44;1197
71163;27;90;1;91
71164;27;129;3;132
71165;27;378;8;386
71166;27;112;4;116
71167;27;552;20;572
71168;27;174;1;175
71169;27;700;107;807
71170;27;1794;40;1834
71171;27;305;9;314
71172;27;85;1;86
71173;27;311;4;315
71174;27;173;4;177
71175;27;338;4;342
71176;27;7741;249;7990
71177;27;802;12;814
71178;27;889;31;920
71179;27;81;1;82
71181;27;168;4;172
71182;27;1458;52;1510
71183;27;153;3;156
71184;27;608;9;617
71185;27;332;14;346
71186;27;262;5;267
71187;27;1580;34;1614
71188;27;60;1;61
71189;27;1616;52;1668
71190;27;2164;30;2194
71191;27;472;10;482
71192;27;1811;148;1959
71193;27;473;11;484
71194;27;790;15;805
71195;27;220;1;221
71196;27;634;8;642
71198;27;412;7;419
71199;27;174;8;182
71200;27;704;17;721
71201;27;196;7;203
71202;27;1877;364;2241
71203;27;52;1;53
71204;27;1487;43;1530
71205;27;651;9;660
71206;27;239;4;243
71207;27;288;11;299
71208;27;210;4;214
71209;27;728;14;742
71210;27;373;19;392
71212;27;1387;33;1420
71213;27;569;17;586
71214;27;420;11;431
71215;27;2581;72;2653
71216;27;197;5;202
71217;27;125;5;130
71218;27;581;21;602
71219;27;547;15;562
71220;27;473;3;476
71221;27;3684;161;3845
71222;27;899;26;925
71223;27;563;8;571
71224;27;82;6;88
71225;27;525;13;538
71226;27;30;0;30
71227;27;513;8;521
71228;27;210;0;210
71229;27;231;1;232
71230;27;6760;194;6954
71231;27;630;11;641
71232;27;202;14;216
71233;27;304;7;311
71234;27;341;6;347
71235;27;1954;108;2062
71236;27;879;21;900
71237;27;524;7;531
71238;27;986;18;1004
71239;27;697;11;708
71240;27;384;15;399
71241;27;486;18;504
71242;27;521;11;532
71243;27;371;4;375
71244;27;438;2;440
71245;27;322;6;328
71246;27;250;3;253
71247;27;365;10;375
71248;27;710;20;730
71249;27;991;37;1028
71250;27;1087;49;1136
71251;27;590;13;603
71252;27;370;14;384
71253;27;928;26;954
71254;27;151;1;152
71255;27;179;2;181
71256;27;539;12;551
71257;27;653;12;665
71258;27;509;15;524
71259;27;363;7;370
71261;27;662;16;678
71262;27;161;4;165
71263;27;6433;225;6658
71264;27;328;9;337
71266;27;315;3;318
71267;27;859;84;943
71268;27;350;10;360
71269;27;2067;33;2100
71270;27;33908;755;34663
71271;27;149;5;154
71272;27;199;9;208
71273;27;283;6;289
71274;27;388;10;398
71275;27;1727;31;1758
71276;27;128;5;133
71277;27;665;19;684
71278;27;155;5;160
71279;27;628;19;647
71280;27;87;2;89
71281;27;307;14;321
71282;27;1243;34;1277
71283;27;537;7;544
71284;27;143;7;150
71285;27;410;6;416
71286;27;263;4;267
71287;27;328;6;334
71289;27;1145;22;1167
71290;27;377;68;445
71291;27;968;23;991
71292;27;1322;45;1367
71293;27;409;10;419
71294;27;1212;171;1383
71295;27;1505;25;1530
71296;27;749;19;768
71297;27;754;22;776
71299;27;316;7;323
71300;27;621;8;629
71301;27;170;2;172
71302;27;215;9;224
71303;27;485;6;491
71305;27;828;15;843
71306;27;17678;308;17986
71307;27;290;7;297
71308;27;31;1;32
71309;27;1924;60;1984
71310;27;4964;89;5053
71311;27;256;5;261
71312;27;255;1;256
71313;27;381;15;396
71314;27;206;0;206
71315;27;183;2;185
71316;27;371;7;378
71317;27;183;3;186
71318;27;1100;20;1120
71319;27;779;16;795
71320;27;315;3;318
71321;27;192;4;196
71322;27;52;1;53
71323;27;136;0;136
71324;27;579;23;602
71325;27;1206;34;1240
71326;27;418;7;425
71327;27;343;8;351
71328;27;631;12;643
71329;27;410;9;419
71330;27;754;15;769
71331;27;117;1;118
71332;27;469;5;474
71333;27;1222;39;1261
71334;27;383;9;392
71335;27;66;0;66
71336;27;3110;80;3190
71337;27;303;8;311
71338;27;216;2;218
71339;27;391;8;399
71340;27;1507;26;1533
71341;27;254;2;256
71342;27;9214;417;9631
71343;27;318;4;322
71344;27;66;2;68
71345;27;672;11;683
71346;27;1568;26;1594
71347;27;553;15;568
71348;27;131;3;134
71349;27;51;1;52
71350;27;874;30;904
71351;27;1938;31;1969
71352;27;88;3;91
71353;27;525;7;532
71354;27;570;22;592
71355;27;280;7;287
71356;27;974;17;991
71357;27;217;0;217
71358;27;102;3;105
71359;27;568;10;578
71360;27;1910;46;1956
71361;27;58;5;63
71362;27;344;5;349
71363;27;88;5;93
71364;27;176;1;177
71365;27;591;8;599
71366;27;380;8;388
71367;27;366;5;371
71368;27;303;16;319
71369;27;430;7;437
71370;27;626;11;637
71371;27;1577;41;1618
71372;27;2021;33;2054
71373;27;1704;21;1725
71374;27;162;2;164
71376;27;275;8;283
71377;27;128;2;130
71378;27;1557;35;1592
71379;27;1233;21;1254
71380;27;789;17;806
71381;27;74;0;74
71382;27;697;15;712
71383;27;534;5;539
71384;27;506;8;514
71385;27;566;20;586
71386;27;94;0;94
71387;27;249;9;258
71388;27;467;20;487
71389;27;281;5;286
71390;27;1084;22;1106
71391;27;555;17;572
71392;27;491;9;500
71393;27;491;17;508
71394;27;765;22;787
71395;27;209;2;211
71396;27;488;4;492
71397;27;283;8;291
71398;27;1044;31;1075
71399;27;532;15;547
71400;27;129;4;133
71401;27;629;13;642
71402;27;750;25;775
71403;27;260;10;270
71404;27;896;22;918
71405;27;198;1;199
71406;27;126;9;135
71407;27;221;4;225
71408;27;428;9;437
71409;27;310;9;319
71410;27;794;15;809
71411;27;154;8;162
71412;27;1200;24;1224
71413;27;833;10;843
71414;27;443;17;460
71415;27;138;2;140
71416;27;592;6;598
71417;27;1058;7;1065
71419;27;1895;42;1937
71420;27;2310;51;2361
71421;27;185;7;192
71422;27;276;9;285
71423;27;433;5;438
71424;27;211;3;214
71425;27;279;11;290
71426;27;540;11;551
71427;27;51;1;52
71428;27;763;26;789
71430;27;395;16;411
71431;27;377;13;390
71433;27;491;14;505
71434;27;345;7;352
71435;27;243;9;252
71436;27;1004;20;1024
71437;27;323;11;334
71438;27;529;19;548
71439;27;748;19;767
71440;27;374;9;383
71441;27;279;4;283
71442;27;1567;22;1589
71443;27;1640;57;1697
71444;27;1199;30;1229
71445;27;6190;180;6370
71446;27;189;6;195
71447;27;273;14;287
71448;27;1389;33;1422
71449;27;120;6;126
71450;27;101;6;107
71451;27;94;0;94
71452;27;96;1;97
71453;27;242;11;253
71454;27;187;8;195
71455;27;159;4;163
71456;27;1911;68;1979
71457;27;120;2;122
71458;27;61;0;61
71459;27;340;17;357
71460;27;468;23;491
71461;27;62;1;63
71462;27;528;11;539
71463;27;571;12;583
71464;27;184;4;188
71465;27;274;9;283
71466;27;122;4;126
71468;27;848;16;864
71469;27;364;10;374
71470;27;347;14;361
71471;27;92;1;93
71472;27;209;8;217
71473;27;150;1;151
71474;27;147;2;149
71475;27;6615;157;6772
71477;27;484;9;493
71478;27;85;2;87
71479;27;1758;36;1794
71480;27;596;13;609
71481;27;1150;20;1170
71482;27;836;11;847
71483;27;425;12;437
71484;27;1282;29;1311
71485;27;258;14;272
71486;27;8576;172;8748
71487;27;162;3;165
71488;27;104;3;107
71489;27;570;9;579
71490;27;1015;17;1032
71491;27;1156;24;1180
71492;27;126;2;128
71493;27;343;7;350
71494;27;526;14;540
71495;27;874;12;886
71496;27;143;10;153
71497;27;2150;54;2204
71498;27;132;6;138
71499;27;4316;81;4397
71500;27;93;3;96
71501;27;142;3;145
71502;27;1577;45;1622
71503;27;128;3;131
71504;27;80;2;82
71505;27;76;1;77
71506;27;1137;17;1154
71507;27;169;1;170
71508;27;406;9;415
71509;27;476;6;482
71510;27;610;19;629
71512;27;3012;68;3080
71513;27;1127;36;1163
71514;27;419;5;424
71515;27;100;3;103
71516;27;607;7;614
71517;27;232;3;235
71518;27;274;9;283
71519;27;189;4;193
71520;27;1290;25;1315
71521;27;106;2;108
71522;27;1737;19;1756
71523;27;1188;12;1200
71524;27;173;7;180
71525;27;576;11;587
71526;27;361;7;368
71527;27;210;4;214
71528;27;2001;45;2046
71529;27;257;7;264
71530;27;488;14;502
71531;27;215;1;216
71532;27;194;3;197
71533;27;532;18;550
71534;27;112;5;117
71535;27;507;11;518
71537;27;131;0;131
71538;27;439;11;450
71539;27;79;2;81
71540;27;2813;39;2852
71541;27;374;4;378
71542;27;1510;27;1537
71543;27;5489;338;5827
71544;27;194;5;199
71545;27;1056;19;1075
71546;27;404;8;412
71547;27;259;7;266
71548;27;249;2;251
71549;27;214;6;220
71550;27;825;14;839
71551;27;91;5;96
71552;27;520;13;533
71553;27;275;5;280
71554;27;113;3;116
71555;27;2317;48;2365
71556;27;566;8;574
71557;27;728;17;745
71558;27;1132;26;1158
71559;27;539;14;553
71561;27;225;9;234
71562;27;212;33;245
71563;27;74;1;75
71564;27;746;20;766
71565;27;569;12;581
71566;27;1060;8;1068
71567;27;257;7;264
71568;27;57;0;57
71570;27;516;14;530
71571;27;447;26;473
71572;27;233;0;233
71573;27;192;5;197
71574;27;813;27;840
71576;27;279;5;284
71577;27;219;4;223
71578;27;313;11;324
71579;27;167;2;169
71580;27;418;10;428
71581;27;254;5;259
71582;27;650;18;668
71583;27;718;23;741
71584;27;1189;28;1217
71585;27;1366;71;1437
71586;27;258;4;262
71588;27;1099;38;1137
71589;27;423;8;431
71590;27;632;23;655
71591;27;521;8;529
72001;52;1698;37;1735
72002;52;205;3;208
72003;52;11167;109;11276
72004;52;585;3;588
72005;52;936;22;958
72006;52;1899;232;2131
72007;52;497;11;508
72008;52;5503;123;5626
72009;52;362;8;370
72010;52;400;11;411
72011;52;906;17;923
72012;52;490;10;500
72013;52;2115;27;2142
72015;52;114;0;114
72016;52;1478;35;1513
72017;52;237;3;240
72018;52;87;1;88
72019;52;377;9;386
72020;52;705;17;722
72021;52;585;7;592
72022;52;1221;27;1248
72023;52;2253;30;2283
72024;52;3646;61;3707
72025;52;1993;54;2047
72026;52;1506;16;1522
72027;52;327;8;335
72028;52;484;7;491
72029;52;1967;28;1995
72031;52;529;3;532
72032;52;333;10;343
72034;52;442;12;454
72035;52;2117;45;2162
72036;52;309;4;313
72037;52;120;1;121
72038;52;575;1;576
72039;52;3791;57;3848
72040;52;142;2;144
72041;52;344;5;349
72042;52;2102;25;2127
72043;52;327;7;334
72044;52;436;5;441
72045;52;829;13;842
72046;52;1544;27;1571
72047;52;2128;135;2263
72048;52;527;4;531
72049;52;247;1;248
72050;52;1521;29;1550
72051;52;3369;36;3405
72052;52;678;9;687
72053;52;1227;14;1241
72054;52;3756;68;3824
72056;52;1336;24;1360
72057;52;72;3;75
72058;52;6552;197;6749
72059;52;841;19;860
72060;52;261;3;264
72061;52;1701;25;1726
72062;52;858;24;882
72064;52;528;10;538
72065;52;2302;66;2368
72066;52;426;7;433
72067;52;990;16;1006
72068;52;1384;16;1400
72070;52;247;7;254
72071;52;6038;245;6283
72072;52;252;2;254
72073;52;1072;22;1094
72074;52;210;4;214
72075;52;993;26;1019
72076;52;241;2;243
72077;52;426;7;433
72078;52;356;3;359
72079;52;312;3;315
72080;52;2731;80;2811
72083;52;382;11;393
72084;52;1259;35;1294
72085;52;182;2;184
72086;52;138;4;142
72087;52;477;14;491
72088;52;334;11;345
72089;52;1863;38;1901
72090;52;2952;59;3011
72091;52;133;2;135
72093;52;903;14;917
72094;52;615;9;624
72095;52;7779;116;7895
72096;52;1656;82;1738
72098;52;505;6;511
72099;52;638;7;645
72100;52;411;4;415
72101;52;676;13;689
72102;52;98;1;99
72103;52;611;8;619
72104;52;573;15;588
72105;52;490;5;495
72106;52;935;28;963
72107;52;347;6;353
72109;52;552;6;558
72110;52;1044;20;1064
72111;52;471;15;486
72112;52;476;5;481
72113;52;763;12;775
72114;52;268;6;274
72115;52;922;22;944
72118;52;1460;23;1483
72119;52;1047;19;1066
72120;52;251;3;254
72121;52;322;10;332
72122;52;1041;21;1062
72123;52;72;0;72
72124;52;4744;72;4816
72125;52;298;9;307
72126;52;292;9;301
72127;52;1956;37;1993
72128;52;524;5;529
72129;52;850;16;866
72130;52;705;12;717
72131;52;593;8;601
72132;52;8862;337;9199
72133;52;1489;23;1512
72134;52;532;14;546
72135;52;606;6;612
72136;52;318;8;326
72137;52;2191;38;2229
72138;52;2889;46;2935
72139;52;979;41;1020
72141;52;923;35;958
72142;52;149;5;154
72143;52;1926;26;1952
72144;52;327;4;331
72145;52;395;7;402
72146;52;3092;54;3146
72147;52;1125;24;1149
72148;52;82;1;83
72149;52;629;10;639
72150;52;1261;23;1284
72151;52;1136;31;1167
72152;52;444;11;455
72153;52;554;12;566
72154;52;14858;1071;15929
72155;52;2323;30;2353
72156;52;932;23;955
72157;52;714;13;727
72158;52;831;12;843
72160;52;586;7;593
72161;52;904;13;917
72163;52;491;9;500
72164;52;70;0;70
72165;52;1911;24;1935
72166;52;317;10;327
72167;52;717;12;729
72168;52;2068;41;2109
72169;52;1460;25;1485
72170;52;172;7;179
72171;52;102;1;103
72172;52;1441;13;1454
72173;52;1231;26;1257
72174;52;102;1;103
72175;52;1540;14;1554
72176;52;4126;71;4197
72177;52;354;4;358
72178;52;191;1;192
72179;52;1884;34;1918
72180;52;5157;171;5328
72181;52;143847;2856;146703
72182;52;1544;29;1573
72183;52;1068;16;1084
72184;52;384;6;390
72185;52;661;9;670
72186;52;887;11;898
72187;52;1611;17;1628
72188;52;151;2;153
72189;52;2109;26;2135
72190;52;277;4;281
72191;52;3120;39;3159
72192;52;95;2;97
72193;52;430;7;437
72194;52;267;2;269
72195;52;1874;28;1902
72196;52;732;6;738
72197;52;689;5;694
72198;52;2637;36;2673
72199;52;281;1;282
72200;52;3703;62;3765
72201;52;259;4;263
72202;52;198;11;209
72204;52;521;6;527
72205;52;1804;26;1830
72208;52;374;9;383
72209;52;304;1;305
72210;52;304;5;309
72211;52;638;11;649
72212;52;699;13;712
72213;52;5225;63;5288
72214;52;10;2;12
72215;52;1034;12;1046
72216;52;595;14;609
72217;52;2448;48;2496
72218;52;291;4;295
72219;52;874;58;932
72220;52;902;37;939
72221;52;372;4;376
72222;52;271;0;271
72223;52;2624;32;2656
72224;52;533;3;536
72225;52;667;8;675
72226;52;1333;17;1350
72227;52;41;0;41
72228;52;2084;50;2134
72229;52;472;7;479
72230;52;1073;27;1100
72231;52;5286;82;5368
72232;52;657;10;667
72233;52;60;0;60
72234;52;365;10;375
72235;52;376;7;383
72236;52;191;8;199
72237;52;501;6;507
72238;52;73;0;73
72239;52;612;21;633
72241;52;2931;48;2979
72243;52;1645;25;1670
72244;52;2957;64;3021
72245;52;685;15;700
72246;52;208;6;214
72247;52;1338;31;1369
72248;52;821;24;845
72249;52;763;13;776
72250;52;151;9;160
72251;52;386;5;391
72252;52;1142;10;1152
72253;52;2615;69;2684
72254;52;268;6;274
72255;52;800;16;816
72256;52;791;7;798
72257;52;2316;319;2635
72259;52;282;7;289
72260;52;3503;69;3572
72261;52;302;12;314
72262;52;2163;174;2337
72264;52;12125;456;12581
72265;52;236;2;238
72266;52;733;17;750
72267;52;912;21;933
72268;52;706;11;717
72269;52;3244;195;3439
72270;52;193;1;194
72271;52;927;15;942
72272;52;315;6;321
72273;52;232;3;235
72274;52;207;7;214
72275;52;1521;15;1536
72276;52;1917;46;1963
72277;52;114;1;115
72278;52;773;11;784
72279;52;153;3;156
72280;52;2155;36;2191
72281;52;443;5;448
72282;52;536;5;541
72283;52;334;5;339
72286;52;387;7;394
72287;52;2021;44;2065
72289;52;2035;33;2068
72290;52;1811;15;1826
72291;52;982;20;1002
72292;52;238;5;243
72293;52;617;7;624
72294;52;471;15;486
72295;52;499;7;506
72296;52;746;21;767
72297;52;547;12;559
72298;52;576;10;586
72299;52;2439;34;2473
72300;52;2698;29;2727
72302;52;173;4;177
72303;52;731;10;741
72305;52;968;25;993
72306;52;1322;24;1346
72307;52;239;6;245
72308;52;2106;248;2354
72309;52;285;7;292
72310;52;1916;58;1974
72311;52;351;6;357
72312;52;234;3;237
72313;52;224;5;229
72314;52;375;8;383
72315;52;829;14;843
72316;52;686;21;707
72317;52;501;18;519
72319;52;742;19;761
72320;52;2590;81;2671
72321;52;516;10;526
72322;52;224;2;226
72323;52;459;2;461
72324;52;506;14;520
72325;52;840;17;857
72326;52;208;5;213
72327;52;300;4;304
72328;52;3709;140;3849
72329;52;4064;83;4147
72330;52;432;13;445
72331;52;579;11;590
72332;52;605;8;613
72333;52;441;11;452
72334;52;2231;86;2317
72335;52;1075;15;1090
72336;52;1214;40;1254
72337;52;865;20;885
72338;52;743;10;753
72339;52;672;10;682
72340;52;1239;23;1262
72341;52;624;12;636
72342;52;165;7;172
72343;52;626;11;637
72344;52;2881;48;2929
72345;52;339;5;344
72346;52;4473;56;4529
72347;52;300;5;305
72348;52;129;1;130
72349;52;476;2;478
72350;52;3056;61;3117
72351;52;1051;20;1071
72352;52;139;0;139
72353;52;215;5;220
72354;52;161;4;165
72355;52;106;1;107
72356;52;414;5;419
72357;52;729;12;741
72358;52;1615;37;1652
72359;52;1429;9;1438
72360;52;1509;34;1543
72361;52;484;8;492
72362;52;165;1;166
72363;52;1663;16;1679
72364;52;1432;25;1457
72366;52;315;4;319
72367;52;793;12;805
72368;52;322;6;328
72369;52;594;64;658
72370;52;328;6;334
72372;52;77;1;78
72373;52;2510;55;2565
72374;52;148;5;153
72375;52;539;14;553
72376;52;707;21;728
72377;52;1033;11;1044
72378;52;1445;33;1478
72379;52;195;6;201
72380;52;947;22;969
72381;52;1370;11;1381
72382;52;943;18;961
72383;52;132;4;136
72385;52;1766;24;1790
72386;52;4261;133;4394
73001;84;232;9;241
73003;84;3838;113;3951
73004;84;433;16;449
73005;84;182;4;186
73006;84;4444;109;4553
73007;84;1679;22;1701
73008;84;30463;577;31040
73010;84;6315;141;6456
73011;84;19502;564;20066
73012;84;147;2;149
73013;84;365;10;375
73014;84;288;2;290
73015;84;1860;43;1903
73017;84;987;21;1008
73018;84;769;21;790
73019;84;955;20;975
73020;84;443;11;454
73021;84;850;17;867
73022;84;563;15;578
73023;84;698;23;721
73024;84;778;22;800
73025;84;526;11;537
73026;84;389;14;403
73027;84;387;6;393
73028;84;337;3;340
73029;84;5022;118;5140
73030;84;3429;41;3470
73031;84;4785;121;4906
73032;84;2152;37;2189
73033;84;494;5;499
73034;84;2034;89;2123
73036;84;683;18;701
73039;84;536;12;548
73040;84;359;8;367
73041;84;306;6;312
73042;84;263;7;270
73043;84;2781;35;2816
73047;84;259;9;268
73048;84;355;14;369
73049;84;148;0;148
73050;84;574;21;595
73051;84;4966;99;5065
73052;84;147;4;151
73053;84;690;11;701
73054;84;7195;401;7596
73055;84;1876;58;1934
73057;84;500;12;512
73058;84;1272;19;1291
73059;84;2262;69;2331
73061;84;423;15;438
73063;84;718;10;728
73064;84;5609;273;5882
73065;84;58917;1561;60478
73067;84;1151;22;1173
73068;84;587;20;607
73069;84;952;17;969
73070;84;702;8;710
73071;84;565;22;587
73072;84;33;1;34
73073;84;535;7;542
73074;84;330;11;341
73075;84;572;21;593
73076;84;261;4;265
73077;84;563;10;573
73078;84;144;6;150
73079;84;924;15;939
73081;84;668;44;712
73082;84;747;38;785
73083;84;222;3;225
73084;84;952;27;979
73085;84;1394;21;1415
73086;84;393;12;405
73087;84;6359;184;6543
73088;84;159;8;167
73089;84;1269;22;1291
73090;84;264;7;271
73091;84;207;3;210
73092;84;153;4;157
73094;84;336;14;350
73095;84;382;8;390
73096;84;1041;19;1060
73097;84;678;21;699
73098;84;811;22;833
73099;84;433;4;437
73100;84;1904;46;1950
73101;84;96;3;99
73103;84;2934;67;3001
73104;84;479;5;484
73105;84;1239;17;1256
73106;84;303;6;309
73107;84;644;8;652
73109;84;777;9;786
73110;84;782;7;789
73113;84;177;3;180
73114;84;802;29;831
73116;84;481;12;493
73117;84;691;9;700
73119;84;99;4;103
73120;84;609;14;623
73121;84;1928;49;1977
73122;84;424;19;443
73123;84;387;15;402
73124;84;3042;78;3120
73128;84;4595;101;4696
73129;84;1215;39;1254
73130;84;2107;38;2145
73131;84;303;8;311
73132;84;758;23;781
73133;84;351;7;358
73135;84;1079;26;1105
73137;84;4047;78;4125
73138;84;491;11;502
73139;84;271;12;283
73140;84;283;7;290
73141;84;687;14;701
73142;84;817;20;837
73145;84;464;14;478
73146;84;781;17;798
73147;84;202;0;202
73149;84;305;6;311
73150;84;3766;128;3894
73151;84;3796;88;3884
73152;84;213;5;218
73153;84;1352;31;1383
73154;84;3299;94;3393
73155;84;2013;42;2055
73156;84;313;6;319
73157;84;3075;136;3211
73159;84;845;8;853
73160;84;978;26;1004
73161;84;654;14;668
73162;84;678;24;702
73164;84;1011;61;1072
73166;84;54;2;56
73168;84;119;1;120
73170;84;526;11;537
73171;84;4102;71;4173
73173;84;475;11;486
73175;84;73;0;73
73176;84;709;10;719
73177;84;238;7;245
73178;84;505;11;516
73179;84;12120;611;12731
73180;84;435;7;442
73181;84;3496;458;3954
73182;84;2241;54;2295
73183;84;1289;34;1323
73184;84;509;11;520
73186;84;477;14;491
73187;84;2635;56;2691
73188;84;1029;25;1054
73189;84;227;2;229
73190;84;247;6;253
73191;84;2147;69;2216
73192;84;213;5;218
73193;84;106;3;109
73194;84;328;9;337
73196;84;789;19;808
73197;84;641;25;666
73200;84;553;7;560
73201;84;441;14;455
73202;84;454;10;464
73204;84;2075;32;2107
73205;84;117;4;121
73206;84;715;23;738
73207;84;432;12;444
73208;84;950;40;990
73210;84;379;5;384
73211;84;782;24;806
73212;84;2018;29;2047
73213;84;8530;546;9076
73214;84;235;10;245
73215;84;4160;100;4260
73216;84;487;6;493
73217;84;368;12;380
73218;84;816;16;832
73219;84;663;16;679
73220;84;366;11;377
73221;84;88;3;91
73222;84;6285;209;6494
73223;84;446;6;452
73224;84;889;21;910
73225;84;2759;91;2850
73226;84;1706;22;1728
73227;84;2360;73;2433
73228;84;905;24;929
73229;84;533;13;546
73230;84;132;0;132
73231;84;1205;23;1228
73232;84;729;24;753
73233;84;162;8;170
73234;84;149;4;153
73235;84;545;6;551
73236;84;2905;67;2972
73237;84;350;3;353
73240;84;793;20;813
73241;84;1196;21;1217
73242;84;272;10;282
73243;84;1726;57;1783
73245;84;823;16;839
73246;84;299;5;304
73247;84;956;71;1027
73248;84;7621;345;7966
73249;84;1866;46;1912
73250;84;1627;44;1671
73252;84;239;3;242
73253;84;601;8;609
73254;84;120;2;122
73255;84;818;21;839
73256;84;327;8;335
73257;84;3494;117;3611
73258;84;679;20;699
73259;84;544;14;558
73261;84;2467;280;2747
73262;84;472;35;507
73263;84;1145;22;1167
73265;84;723;19;742
73267;84;297;10;307
73268;84;529;59;588
73269;84;724;13;737
73270;84;4097;103;4200
73271;84;307;10;317
73272;84;178;4;182
73273;84;487;6;493
73274;84;451;15;466
73275;84;321;8;329
73276;84;415;18;433
73277;84;172;7;179
73278;84;1238;21;1259
73280;84;344;8;352
73281;84;747;20;767
73282;84;1062;19;1081
73283;84;709;14;723
73284;84;997;19;1016
73285;84;2322;70;2392
73286;84;1168;21;1189
73288;84;2002;46;2048
73289;84;427;9;436
73290;84;2062;38;2100
73292;84;318;7;325
73293;84;455;7;462
73294;84;338;7;345
73296;84;2020;42;2062
73297;84;592;22;614
73298;84;910;11;921
73299;84;325;6;331
73300;84;2988;106;3094
73301;84;814;16;830
73302;84;338;3;341
73303;84;7096;289;7385
73304;84;1583;46;1629
73306;84;1066;25;1091
73307;84;566;3;569
73308;84;593;18;611
73309;84;300;5;305
73310;84;479;12;491
73311;84;105;1;106
73312;84;918;31;949
73313;84;230;1;231
73314;84;261;5;266
73315;84;457;8;465
73316;84;290;4;294
73317;84;705;27;732
73318;84;252;9;261
73320;84;853;25;878
73322;84;536;14;550
73323;84;360;15;375
73324;84;193;8;201
73326;84;2114;40;2154
73327;84;395;6;401
73328;84;2269;57;2326
73329;84;1911;37;1948
73330;84;3002;34;3036
74001;84;1447;117;1564
74002;84;2576;55;2631
74003;84;1102;35;1137
74004;84;415;8;423
74005;84;4681;125;4806
74006;84;2191;30;2221
74007;84;2739;54;2793
74008;84;6138;67;6205
74009;84;953;18;971
74010;84;130721;3380;134101
74012;84;36582;396;36978
74013;84;2198;91;2289
74014;84;1847;54;1901
74015;84;1140;24;1164
74016;84;2609;35;2644
74018;84;1866;48;1914
74019;84;3370;270;3640
74020;84;1359;57;1416
74021;84;1623;30;1653
74024;84;2219;60;2279
74025;84;1492;21;1513
74026;84;5078;163;5241
74027;84;455;9;464
74029;84;419;14;433
74030;84;321;6;327
74031;84;3027;67;3094
74032;84;1273;40;1313
74033;84;1384;28;1412
74034;84;615;7;622
74035;84;592;24;616
74036;84;376;12;388
74037;84;1861;61;1922
74038;84;1133;29;1162
74040;84;3181;143;3324
74041;84;281;5;286
74042;84;12509;406;12915
74043;84;5739;109;5848
74044;84;1042;12;1054
74045;84;249;6;255
74046;84;506;12;518
74048;84;1096;22;1118
74049;84;482;2;484
74050;84;673;16;689
74051;84;696;11;707
74052;84;1055;17;1072
74053;84;1233;22;1255
74054;84;759;28;787
74055;84;544;13;557
74056;84;8640;386;9026
74057;84;1111;31;1142
74058;84;932;17;949
74059;84;261;6;267
74060;84;115;0;115
74061;84;931;35;966
74062;84;1428;26;1454
74063;84;1246;42;1288
74064;84;1194;44;1238
74065;84;499;15;514
74066;84;253;2;255
74067;84;2683;168;2851
74068;84;519;8;527
74069;84;810;14;824
74070;84;2792;35;2827
74071;84;221;6;227
74072;84;202;6;208
74073;84;662;12;674
74074;84;626;7;633
74075;84;1441;22;1463
74076;84;1660;43;1703
74077;84;1034;26;1060
74078;84;405;6;411
74079;84;675;6;681
74080;84;1709;53;1762
74081;84;16918;405;17323
74082;84;3948;117;4065
74083;84;2104;115;2219
74085;84;1118;47;1165
74086;84;722;12;734
74087;84;2204;152;2356
74088;84;1195;22;1217
74089;84;984;26;1010
74090;84;1385;20;1405
74091;84;362;2;364
74094;84;6975;167;7142
74095;84;319;10;329
74096;84;4502;315;4817
74097;84;1836;55;1891
74098;84;1541;54;1595
74099;84;844;37;881
74100;84;785;25;810
74101;84;709;17;726
74102;84;1441;47;1488
74103;84;2195;76;2271
74104;84;3542;85;3627
74105;84;6483;80;6563
74106;84;902;31;933
74107;84;154;5;159
74108;84;994;21;1015
74109;84;927;19;946
74111;84;212;3;215
74112;84;8196;198;8394
74114;84;512;6;518
74116;84;2021;70;2091
74117;84;838;21;859
74118;84;2556;29;2585
74119;84;9108;251;9359
74121;84;1168;17;1185
74122;84;640;21;661
74123;84;7609;227;7836
74124;84;1757;32;1789
74126;84;990;31;1021
74127;84;1433;43;1476
74128;84;3516;88;3604
74129;84;227;4;231
74130;84;540;31;571
74131;84;2052;39;2091
74133;84;10071;108;10179
74134;84;1215;27;1242
74135;84;525;8;533
74136;84;2096;48;2144
74137;84;3900;147;4047
74138;84;1522;62;1584
74139;84;1051;31;1082
74140;84;1475;27;1502
74141;84;1029;26;1055
74142;84;983;31;1014
74143;84;3007;80;3087
74144;84;827;20;847
74145;84;630;12;642
74146;84;1506;46;1552
74147;84;1008;26;1034
74148;84;273;7;280
74150;84;1633;29;1662
74151;84;572;9;581
74152;84;1257;41;1298
74153;84;1607;65;1672
74154;84;2504;52;2556
74155;84;802;28;830
74156;84;690;13;703
74157;84;1741;63;1804
74158;84;1098;17;1115
74159;84;3240;68;3308
74160;84;996;23;1019
74161;84;1953;57;2010
74162;84;1052;18;1070
74163;84;2197;78;2275
74164;84;6372;185;6557
74165;84;693;9;702
74166;84;1842;52;1894
74167;84;1383;24;1407
74168;84;1053;11;1064
74169;84;5642;116;5758
74170;84;874;19;893
74171;84;1534;34;1568
74172;84;1453;34;1487
74173;84;3025;128;3153
74174;84;590;25;615
74175;84;314;6;320
74176;84;1884;70;1954
74177;84;1082;20;1102
74178;84;729;13;742
74179;84;780;27;807
74180;84;2150;50;2200
74183;84;2421;64;2485
74184;84;1045;20;1065
74185;84;2318;45;2363
74186;84;760;22;782
74188;84;939;24;963
74189;84;1667;54;1721
74190;84;676;13;689
74191;84;2717;74;2791
74192;84;983;37;1020
74193;84;1061;11;1072
74194;84;881;24;905
74195;84;420;8;428
74196;84;465;15;480
74197;84;1604;34;1638
74198;84;1006;40;1046
74199;84;378;7;385
74200;84;3122;95;3217
74201;84;2152;23;2175
74202;84;719;8;727
74203;84;49;2;51
74205;84;1288;29;1317
74206;84;1030;18;1048
74208;84;11233;423;11656
74209;84;1381;40;1421
74210;84;1885;40;1925
74211;84;3108;90;3198
74212;84;1814;30;1844
74213;84;8233;359;8592
74215;84;1241;36;1277
74216;84;1054;17;1071
74218;84;7341;213;7554
74219;84;1252;50;1302
74220;84;8072;196;8268
74221;84;536;21;557
74222;84;504;9;513
74223;84;470;5;475
74224;84;11149;342;11491
74225;84;15768;377;16145
74226;84;575;12;587
74228;84;351;12;363
74229;84;3671;74;3745
74231;84;594;14;608
74232;84;498;21;519
74233;84;2418;30;2448
74234;84;876;22;898
74235;84;587;12;599
74236;84;5604;130;5734
74237;84;886;4;890
74238;84;1558;26;1584
74239;84;1461;38;1499
74240;84;1007;28;1035
74241;84;3370;101;3471
74242;84;6008;200;6208
74243;84;15873;252;16125
74244;84;839;34;873
74249;84;2487;83;2570
74250;84;7091;139;7230
74252;84;585;33;618
74253;84;1018;38;1056
74254;84;605;16;621
74255;84;2060;51;2111
74256;84;16831;491;17322
74257;84;765;21;786
74258;84;2473;63;2536
74259;84;434;8;442
74260;84;980;21;1001
74261;84;484;8;492
74262;84;1148;21;1169
74263;84;6348;144;6492
74264;84;8932;138;9070
74265;84;702;72;774
74266;84;1057;35;1092
74267;84;4139;182;4321
74269;84;2351;79;2430
74271;84;519;13;532
74272;84;5365;130;5495
74273;84;759;18;777
74275;84;1948;67;2015
74276;84;3394;71;3465
74278;84;6330;150;6480
74279;84;831;25;856
74280;84;6598;284;6882
74281;84;35826;1147;36973
74282;84;9449;236;9685
74283;84;1131;19;1150
74284;84;1301;25;1326
74285;84;415;9;424
74286;84;859;17;876
74287;84;914;20;934
74288;84;4935;60;4995
74289;84;2562;59;2621
74290;84;406;12;418
74291;84;336;4;340
74292;84;1022;30;1052
74293;84;3919;44;3963
74294;84;755;20;775
74295;84;343;5;348
74296;84;918;18;936
74297;84;610;25;635
74298;84;9003;264;9267
74299;84;2276;82;2358
74301;84;905;19;924
74302;84;1071;37;1108
74303;84;3347;126;3473
74304;84;933;10;943
74305;84;9050;119;9169
74306;84;594;17;611
74307;84;989;16;1005
74308;84;844;23;867
74309;84;5415;82;5497
74310;84;1307;33;1340
74311;84;4454;78;4532
74312;84;1581;28;1609
74313;84;555;11;566
74314;84;1630;55;1685
74315;84;1067;19;1086
75101;11;15917;138;16055
75102;11;21595;140;21735
75103;11;34025;281;34306
75104;11;29131;259;29390
75105;11;58227;670;58897
75106;11;40303;868;41171
75107;11;48888;793;49681
75108;11;35655;595;36250
75109;11;60026;537;60563
75110;11;86472;391;86863
75111;11;145208;820;146028
75112;11;139297;940;140237
75113;11;180005;1228;181233
75114;11;135592;976;136568
75115;11;230981;1687;232668
75116;11;165523;2254;167777
75117;11;166543;1432;167975
75118;11;192468;820;193288
75119;11;184573;998;185571
75120;11;194994;924;195918
76001;28;1158;19;1177
76002;28;622;9;631
76004;28;468;14;482
76005;28;3306;31;3337
76006;28;173;4;177
76007;28;675;10;685
76008;28;630;10;640
76009;28;344;4;348
76010;28;373;6;379
76011;28;152;4;156
76012;28;185;3;188
76013;28;1078;30;1108
76014;28;1405;15;1420
76015;28;512;11;523
76016;28;121;2;123
76017;28;648;6;654
76018;28;1491;33;1524
76019;28;424;10;434
76020;28;1189;23;1212
76021;28;467;7;474
76022;28;338;13;351
76023;28;300;5;305
76024;28;157;4;161
76025;28;344;8;352
76026;28;2573;52;2625
76028;28;187;1;188
76029;28;199;3;202
76030;28;503;3;506
76032;28;138;1;139
76033;28;458;6;464
76034;28;2535;22;2557
76035;28;1986;53;2039
76036;28;692;19;711
76038;28;399;3;402
76039;28;1261;26;1287
76040;28;308;0;308
76041;28;1349;36;1385
76042;28;102;0;102
76043;28;1130;361;1491
76045;28;358;9;367
76046;28;702;12;714
76047;28;150;1;151
76048;28;297;6;303
76049;28;280;6;286
76050;28;1011;27;1038
76051;28;1910;39;1949
76052;28;221;1;222
76053;28;108;1;109
76054;28;522;4;526
76055;28;337;17;354
76056;28;632;6;638
76057;28;12398;229;12627
76058;28;218;5;223
76059;28;417;11;428
76060;28;497;13;510
76062;28;261;3;264
76063;28;472;10;482
76064;28;492;13;505
76065;28;411;4;415
76066;28;149;4;153
76067;28;604;14;618
76068;28;643;17;660
76069;28;2235;52;2287
76070;28;624;10;634
76071;28;474;8;482
76072;28;738;12;750
76074;28;54;0;54
76075;28;452;2;454
76076;28;267;5;272
76077;28;178;5;183
76079;28;189;1;190
76082;28;637;6;643
76083;28;99;1;100
76084;28;122;1;123
76085;28;339;10;349
76086;28;216;5;221
76087;28;680;10;690
76088;28;545;9;554
76090;28;1244;17;1261
76091;28;228;2;230
76092;28;634;10;644
76093;28;357;13;370
76094;28;325;3;328
76095;28;8264;166;8430
76096;28;662;12;674
76097;28;106;0;106
76099;28;723;9;732
76100;28;1222;17;1239
76101;28;2907;34;2941
76103;28;6479;106;6585
76104;28;252;14;266
76105;28;659;7;666
76106;28;556;7;563
76107;28;299;4;303
76108;28;14592;404;14996
76109;28;182;4;186
76110;28;472;5;477
76111;28;601;10;611
76112;28;353;8;361
76113;28;406;6;412
76114;28;11610;136;11746
76115;28;581;3;584
76116;28;3923;46;3969
76117;28;651;20;671
76118;28;251;8;259
76119;28;200;2;202
76120;28;452;10;462
76121;28;364;3;367
76122;28;509;8;517
76123;28;1028;28;1056
76124;28;434;8;442
76125;28;1532;19;1551
76126;28;317;6;323
76128;28;585;15;600
76129;28;206;6;212
76130;28;289;3;292
76131;28;722;10;732
76132;28;465;2;467
76133;28;431;9;440
76134;28;300;4;304
76135;28;987;13;1000
76136;28;723;11;734
76138;28;329;5;334
76139;28;220;3;223
76140;28;199;2;201
76141;28;1359;13;1372
76142;28;454;126;580
76143;28;1360;22;1382
76144;28;154;2;156
76146;28;2840;102;2942
76147;28;913;23;936
76148;28;326;4;330
76149;28;284;5;289
76151;28;262;10;272
76152;28;763;4;767
76153;28;324;3;327
76154;28;475;12;487
76155;28;377;3;380
76156;28;342;9;351
76157;28;13846;373;14219
76158;28;326;2;328
76159;28;3046;56;3102
76160;28;417;10;427
76161;28;100;3;103
76162;28;270;5;275
76163;28;672;10;682
76164;28;4148;66;4214
76165;28;9949;67;10016
76166;28;482;4;486
76167;28;1594;27;1621
76168;28;65;1;66
76169;28;1276;114;1390
76170;28;118;1;119
76171;28;135;1;136
76172;28;158;3;161
76173;28;542;6;548
76174;28;404;5;409
76175;28;260;7;267
76176;28;343;7;350
76177;28;284;6;290
76178;28;4924;25;4949
76179;28;1377;16;1393
76180;28;190;8;198
76181;28;154;2;156
76182;28;262;2;264
76183;28;763;19;782
76184;28;109;3;112
76185;28;166;4;170
76186;28;496;3;499
76187;28;162;3;165
76188;28;476;4;480
76189;28;153;6;159
76190;28;208;3;211
76192;28;2630;54;2684
76193;28;341;5;346
76194;28;402;3;405
76195;28;177;1;178
76196;28;2562;90;2652
76197;28;221;2;223
76198;28;802;19;821
76199;28;691;10;701
76200;28;458;12;470
76201;28;534;4;538
76202;28;318;4;322
76203;28;757;7;764
76204;28;254;1;255
76205;28;248;2;250
76206;28;345;5;350
76207;28;196;6;202
76208;28;665;17;682
76209;28;442;8;450
76210;28;460;2;462
76211;28;231;2;233
76212;28;9788;84;9872
76213;28;401;9;410
76214;28;265;1;266
76216;28;10654;75;10729
76217;28;28241;468;28709
76218;28;98;2;100
76219;28;2477;45;2522
76220;28;523;12;535
76221;28;194;5;199
76222;28;4073;53;4126
76223;28;514;6;520
76224;28;977;19;996
76225;28;377;12;389
76226;28;163;2;165
76227;28;698;11;709
76228;28;392;7;399
76229;28;406;14;420
76230;28;475;6;481
76231;28;16224;126;16350
76232;28;643;9;652
76233;28;151;4;155
76234;28;712;11;723
76235;28;2022;155;2177
76236;28;349;1;350
76237;28;509;8;517
76238;28;2654;39;2693
76239;28;776;14;790
76240;28;1013;13;1026
76241;28;139;6;145
76242;28;195;4;199
76243;28;294;2;296
76244;28;385;6;391
76245;28;1619;16;1635
76247;28;495;4;499
76249;28;827;11;838
76250;28;1205;27;1232
76251;28;442;3;445
76252;28;1036;28;1064
76253;28;826;14;840
76254;28;1237;6;1243
76255;28;6716;200;6916
76257;28;183;2;185
76258;28;4193;112;4305
76259;28;18041;288;18329
76260;28;1675;19;1694
76261;28;458;11;469
76262;28;134;2;136
76263;28;1289;22;1311
76264;28;484;11;495
76265;28;163;8;171
76266;28;705;15;720
76268;28;185;5;190
76269;28;173;3;176
76270;28;2633;53;2686
76271;28;1809;18;1827
76272;28;899;17;916
76273;28;541;15;556
76274;28;28;0;28
76275;28;1521;24;1545
76276;28;3812;198;4010
76278;28;797;13;810
76279;28;359;10;369
76280;28;132;1;133
76281;28;2093;45;2138
76282;28;953;9;962
76283;28;238;4;242
76284;28;331;5;336
76285;28;574;8;582
76286;28;672;7;679
76287;28;1017;13;1030
76288;28;364;4;368
76289;28;1726;24;1750
76290;28;398;11;409
76291;28;1194;26;1220
76292;28;144;3;147
76293;28;236;0;236
76294;28;384;8;392
76295;28;1224;9;1233
76296;28;2526;31;2557
76297;28;230;7;237
76298;28;468;5;473
76299;28;391;4;395
76300;28;431;4;435
76302;28;2864;41;2905
76303;28;729;9;738
76304;28;369;1;370
76305;28;9124;59;9183
76306;28;178;2;180
76307;28;1371;20;1391
76308;28;503;8;511
76309;28;123;2;125
76311;28;425;5;430
76312;28;6041;97;6138
76313;28;888;14;902
76314;28;615;9;624
76315;28;1077;18;1095
76316;28;442;4;446
76317;28;433;12;445
76318;28;737;27;764
76319;28;9739;191;9930
76320;28;328;4;332
76321;28;1783;27;1810
76322;28;25963;250;26213
76323;28;155;2;157
76324;28;848;15;863
76325;28;438;5;443
76327;28;374;5;379
76328;28;375;5;380
76329;28;3175;37;3212
76330;28;686;20;706
76331;28;1008;5;1013
76332;28;423;2;425
76333;28;464;5;469
76334;28;528;19;547
76335;28;88;0;88
76336;28;377;11;388
76338;28;224;1;225
76339;28;257;3;260
76340;28;523;7;530
76341;28;8349;65;8414
76342;28;715;17;732
76343;28;193;4;197
76344;28;407;10;417
76345;28;281;2;283
76346;28;316;8;324
76347;28;356;6;362
76348;28;687;8;695
76349;28;1891;71;1962
76350;28;399;7;406
76351;28;168290;1830;170120
76352;28;372;3;375
76353;28;107;6;113
76354;28;1323;14;1337
76355;28;950;13;963
76356;28;115;2;117
76357;28;355;16;371
76358;28;247;1;248
76359;28;143;2;145
76360;28;634;8;642
76361;28;715;10;725
76362;28;299;7;306
76363;28;575;8;583
76364;28;272;5;277
76365;28;187;0;187
76366;28;4107;29;4136
76367;28;2907;47;2954
76368;28;338;6;344
76369;28;534;7;541
76370;28;427;3;430
76371;28;71;0;71
76372;28;410;3;413
76373;28;305;6;311
76374;28;1234;15;1249
76375;28;274;14;288
76377;28;3546;72;3618
76378;28;1704;34;1738
76379;28;192;2;194
76380;28;316;8;324
76381;28;131;1;132
76382;28;1161;13;1174
76383;28;96;0;96
76384;28;8797;145;8942
76385;28;1496;53;1549
76386;28;380;6;386
76387;28;389;7;396
76388;28;472;3;475
76389;28;187;7;194
76390;28;1106;21;1127
76391;28;2338;66;2404
76392;28;1264;14;1278
76393;28;49;0;49
76394;28;630;5;635
76395;28;561;11;572
76396;28;334;2;336
76397;28;992;25;1017
76398;28;747;6;753
76399;28;196;1;197
76400;28;2169;36;2205
76401;28;2522;44;2566
76402;28;6143;48;6191
76403;28;204;3;207
76404;28;1228;22;1250
76405;28;224;1;225
76406;28;421;6;427
76407;28;304;8;312
76408;28;1035;14;1049
76409;28;892;13;905
76410;28;10663;135;10798
76411;28;233;1;234
76412;28;714;11;725
76413;28;426;6;432
76414;28;1603;51;1654
76415;28;334;5;339
76416;28;327;5;332
76417;28;415;3;418
76418;28;1000;20;1020
76419;28;164;6;170
76420;28;358;6;364
76421;28;922;14;936
76422;28;266;8;274
76423;28;168;2;170
76424;28;228;1;229
76425;28;293;5;298
76426;28;161;1;162
76427;28;937;249;1186
76428;28;17;3;20
76429;28;7886;341;8227
76430;28;120;3;123
76431;28;97;3;100
76432;28;245;4;249
76433;28;729;7;736
76434;28;1090;7;1097
76435;28;793;16;809
76436;28;619;4;623
76437;28;553;5;558
76438;28;244;5;249
76439;28;342;9;351
76440;28;197;4;201
76441;28;633;11;644
76442;28;591;9;600
76443;28;840;16;856
76445;28;600;7;607
76446;28;1271;17;1288
76447;28;15470;235;15705
76448;28;1346;29;1375
76449;28;500;8;508
76450;28;271;26;297
76451;28;19357;375;19732
76452;28;4563;51;4614
76453;28;1076;20;1096
76454;28;83;0;83
76455;28;316;5;321
76456;28;765;11;776
76457;28;928;17;945
76458;28;127;3;130
76459;28;349;5;354
76460;28;513;8;521
76461;28;400;5;405
76462;28;4678;209;4887
76463;28;667;22;689
76464;28;2378;37;2415
76465;28;571;6;577
76467;28;1329;19;1348
76468;28;1360;33;1393
76469;28;432;5;437
76470;28;659;24;683
76471;28;1001;27;1028
76472;28;774;2;776
76473;28;790;10;800
76474;28;6978;83;7061
76475;28;6105;194;6299
76476;28;10248;185;10433
76477;28;453;7;460
76478;28;186;1;187
76479;28;132;1;133
76480;28;451;11;462
76481;28;6018;122;6140
76482;28;3143;228;3371
76483;28;227;2;229
76484;28;12241;58;12299
76485;28;270;46;316
76486;28;897;4;901
76487;28;314;6;320
76488;28;507;16;523
76489;28;417;10;427
76490;28;1130;13;1143
76491;28;662;6;668
76492;28;465;16;481
76493;28;407;12;419
76494;28;585;7;592
76495;28;6212;51;6263
76497;28;8693;175;8868
76498;28;22000;275;22275
76499;28;1126;29;1155
76500;28;478;4;482
76501;28;135;7;142
76502;28;551;9;560
76503;28;1276;20;1296
76504;28;128;2;130
76505;28;95;1;96
76506;28;488;4;492
76507;28;816;15;831
76508;28;453;15;468
76509;28;1836;31;1867
76510;28;237;3;240
76511;28;154;1;155
76512;28;24;0;24
76513;28;589;15;604
76514;28;1025;13;1038
76515;28;541;14;555
76516;28;423;19;442
76517;28;3097;88;3185
76518;28;504;9;513
76519;28;73;4;77
76520;28;606;13;619
76521;28;147;1;148
76522;28;1277;24;1301
76523;28;184;3;187
76524;28;134;2;136
76526;28;180;7;187
76527;28;441;3;444
76528;28;609;11;620
76529;28;294;12;306
76530;28;222;5;227
76531;28;319;8;327
76532;28;793;18;811
76533;28;1574;17;1591
76534;28;1186;18;1204
76535;28;461;8;469
76536;28;1209;22;1231
76537;28;184;6;190
76538;28;266;5;271
76540;28;112321;1613;113934
76541;28;1524;27;1551
76542;28;278;4;282
76543;28;605;11;616
76544;28;225;8;233
76545;28;1809;42;1851
76546;28;298;7;305
76547;28;780;9;789
76548;28;744;15;759
76549;28;146;6;152
76550;28;1205;24;1229
76551;28;850;11;861
76552;28;7317;259;7576
76553;28;302;5;307
76554;28;355;2;357
76555;28;833;20;853
76556;28;1091;21;1112
76557;28;1444;21;1465
76558;28;1176;6;1182
76559;28;512;8;520
76560;28;1024;16;1040
76561;28;8429;76;8505
76562;28;841;18;859
76563;28;1917;14;1931
76564;28;165;3;168
76565;28;1160;99;1259
76566;28;624;5;629
76567;28;178;5;183
76568;28;606;12;618
76569;28;222;4;226
76570;28;308;4;312
76571;28;692;4;696
76572;28;126;5;131
76573;28;502;14;516
76574;28;693;4;697
76575;28;28352;221;28573
76576;28;1208;17;1225
76577;28;620;13;633
76578;28;269;4;273
76580;28;904;19;923
76581;28;391;9;400
76582;28;247;5;252
76583;28;342;5;347
76584;28;218;5;223
76585;28;411;15;426
76586;28;652;5;657
76587;28;720;9;729
76588;28;489;12;501
76589;28;199;5;204
76590;28;344;2;346
76591;28;3045;44;3089
76592;28;816;27;843
76593;28;610;11;621
76594;28;1351;26;1377
76595;28;1844;38;1882
76596;28;1491;38;1529
76597;28;763;9;772
76598;28;489;9;498
76599;28;3599;49;3648
76600;28;1709;34;1743
76601;28;233;3;236
76602;28;620;12;632
76603;28;462;6;468
76604;28;179;6;185
76605;28;468;13;481
76606;28;188;25;213
76608;28;2027;33;2060
76609;28;364;11;375
76610;28;1580;13;1593
76611;28;317;9;326
76612;28;261;5;266
76613;28;651;12;663
76614;28;1535;31;1566
76615;28;629;24;653
76616;28;1469;34;1503
76617;28;1660;62;1722
76618;28;9628;203;9831
76619;28;289;5;294
76620;28;273;7;280
76621;28;1186;22;1208
76622;28;301;10;311
76623;28;118;4;122
76624;28;3719;60;3779
76626;28;417;6;423
76627;28;1645;19;1664
76628;28;783;13;796
76629;28;278;6;284
76630;28;225;7;232
76631;28;1311;15;1326
76632;28;391;3;394
76634;28;897;15;912
76635;28;72;0;72
76636;28;2306;33;2339
76637;28;823;12;835
76638;28;1091;16;1107
76640;28;8283;71;8354
76641;28;195;5;200
76642;28;265;3;268
76644;28;799;16;815
76645;28;145;5;150
76646;28;604;14;618
76647;28;4259;40;4299
76648;28;2351;23;2374
76649;28;585;11;596
76650;28;1229;26;1255
76651;28;153;3;156
76652;28;763;5;768
76653;28;372;3;375
76654;28;468;10;478
76655;28;3928;163;4091
76656;28;767;7;774
76657;28;1137;23;1160
76658;28;691;21;712
76660;28;797;11;808
76662;28;111;1;112
76663;28;1035;18;1053
76664;28;281;5;286
76665;28;431;5;436
76666;28;411;16;427
76667;28;349;6;355
76668;28;365;7;372
76669;28;430;7;437
76670;28;884;11;895
76671;28;178;1;179
76672;28;979;20;999
76673;28;1132;16;1148
76675;28;1094;11;1105
76676;28;496;11;507
76677;28;383;8;391
76678;28;828;13;841
76679;28;111;1;112
76680;28;185;4;189
76681;28;29068;445;29513
76682;28;758;4;762
76683;28;397;10;407
76684;28;1250;22;1272
76685;28;669;3;672
76686;28;541;8;549
76688;28;400;14;414
76689;28;367;38;405
76690;28;639;19;658
76691;28;230;1;231
76692;28;293;5;298
76693;28;687;7;694
76694;28;138;3;141
76695;28;279;5;284
76697;28;796;25;821
76698;28;491;7;498
76699;28;451;4;455
76700;28;1576;31;1607
76702;28;838;15;853
76703;28;212;8;220
76705;28;2493;21;2514
76706;28;691;7;698
76707;28;1211;39;1250
76708;28;702;12;714
76709;28;4876;46;4922
76710;28;103;2;105
76711;28;4582;98;4680
76712;28;832;26;858
76714;28;769;14;783
76715;28;624;8;632
76716;28;1462;25;1487
76717;28;718;3;721
76718;28;1421;37;1458
76719;28;858;15;873
76720;28;945;33;978
76721;28;328;9;337
76723;28;438;7;445
76724;28;132;2;134
76725;28;576;5;581
76726;28;322;6;328
76727;28;1141;26;1167
76728;28;1124;20;1144
76730;28;133;2;135
76731;28;209;2;211
76732;28;242;4;246
76733;28;228;4;232
76734;28;447;12;459
76735;28;550;14;564
76736;28;271;6;277
76737;28;600;19;619
76738;28;757;11;768
76739;28;553;6;559
76740;28;574;10;584
76741;28;286;12;298
76743;28;1765;19;1784
76744;28;188;2;190
76745;28;201;2;203
76746;28;222;2;224
76747;28;351;3;354
76748;28;653;7;660
76749;28;342;8;350
76750;28;1041;13;1054
76751;28;1269;18;1287
76752;28;2514;21;2535
76753;28;1151;22;1173
76754;28;726;15;741
76755;28;576;9;585
76756;28;240;8;248
76757;28;640;7;647
76758;28;11448;222;11670
76759;28;444;6;450
77001;11;1142;29;1171
77002;11;826;5;831
77003;11;337;17;354
77004;11;286;5;291
77005;11;3281;45;3326
77006;11;979;20;999
77007;11;355;7;362
77008;11;1225;24;1249
77009;11;124;0;124
77010;11;935;10;945
77011;11;499;6;505
77012;11;294;7;301
77013;11;359;9;368
77014;11;13419;224;13643
77015;11;94;2;96
77016;11;1623;15;1638
77018;11;7416;61;7477
77019;11;333;3;336
77020;11;645;12;657
77021;11;152;2;154
77022;11;1207;39;1246
77023;11;310;7;317
77024;11;382;2;384
77025;11;862;8;870
77026;11;358;15;373
77027;11;1194;15;1209
77029;11;192;3;195
77030;11;773;5;778
77031;11;905;11;916
77032;11;921;17;938
77033;11;233;8;241
77034;11;749;7;756
77035;11;548;7;555
77036;11;133;3;136
77037;11;5913;148;6061
77038;11;409;7;416
77039;11;1146;11;1157
77040;11;3739;41;3780
77041;11;280;5;285
77042;11;3216;43;3259
77043;11;348;7;355
77044;11;960;8;968
77045;11;722;11;733
77046;11;335;10;345
77047;11;1680;14;1694
77048;11;2763;85;2848
77049;11;844;14;858
77050;11;541;10;551
77051;11;2307;18;2325
77052;11;345;5;350
77053;11;18812;317;19129
77054;11;730;14;744
77055;11;4809;10;4819
77056;11;148;6;154
77057;11;519;3;522
77058;11;26597;347;26944
77059;11;647;14;661
77060;11;732;16;748
77061;11;2482;35;2517
77062;11;455;10;465
77063;11;1267;15;1282
77065;11;1238;24;1262
77066;11;327;8;335
77067;11;10833;145;10978
77068;11;214;4;218
77069;11;2074;32;2106
77070;11;1479;118;1597
77071;11;864;12;876
77072;11;685;10;695
77073;11;560;17;577
77075;11;1288;15;1303
77076;11;755;54;809
77077;11;993;12;1005
77078;11;1335;51;1386
77079;11;6353;149;6502
77080;11;196;1;197
77081;11;727;8;735
77082;11;815;13;828
77083;11;25654;154;25808
77084;11;1349;11;1360
77085;11;3991;51;4042
77086;11;1441;5;1446
77087;11;170;0;170
77088;11;2384;30;2414
77089;11;916;6;922
77090;11;241;4;245
77091;11;486;3;489
77093;11;449;3;452
77094;11;299;1;300
77095;11;1354;16;1370
77096;11;2543;56;2599
77097;11;299;2;301
77098;11;358;2;360
77099;11;2947;56;3003
77100;11;4339;67;4406
77101;11;1063;11;1074
77102;11;163;1;164
77103;11;217;2;219
77104;11;693;7;700
77106;11;1023;17;1040
77107;11;3339;26;3365
77108;11;55154;294;55448
77109;11;1640;26;1666
77110;11;312;8;320
77111;11;6304;54;6358
77112;11;251;4;255
77113;11;1088;14;1102
77114;11;3927;40;3967
77115;11;515;17;532
77116;11;1308;18;1326
77117;11;953;9;962
77118;11;12172;133;12305
77119;11;248;3;251
77120;11;626;4;630
77121;11;3359;43;3402
77122;11;21627;150;21777
77123;11;815;2;817
77124;11;1754;28;1782
77125;11;1426;17;1443
77126;11;1762;193;1955
77127;11;1885;13;1898
77128;11;2097;29;2126
77129;11;559;9;568
77130;11;488;4;492
77131;11;14779;239;15018
77132;11;2871;28;2899
77133;11;199;3;202
77134;11;148;3;151
77135;11;1294;14;1308
77136;11;189;7;196
77137;11;239;10;249
77138;11;548;5;553
77139;11;6698;52;6750
77140;11;281;3;284
77141;11;1167;11;1178
77142;11;4713;67;4780
77143;11;5223;51;5274
77144;11;429;1;430
77145;11;620;12;632
77146;11;2026;21;2047
77147;11;666;8;674
77148;11;1825;24;1849
77150;11;455;2;457
77151;11;278;4;282
77152;11;22128;146;22274
77153;11;10355;88;10443
77154;11;1135;16;1151
77155;11;3417;36;3453
77156;11;896;14;910
77157;11;311;6;317
77158;11;199;2;201
77159;11;2775;48;2823
77161;11;802;18;820
77162;11;1070;8;1078
77163;11;367;5;372
77164;11;557;6;563
77165;11;599;5;604
77167;11;323;6;329
77168;11;2152;38;2190
77169;11;7659;32;7691
77171;11;6404;47;6451
77172;11;887;9;896
77173;11;844;7;851
77174;11;582;11;593
77175;11;3025;30;3055
77176;11;2944;28;2972
77177;11;1132;13;1145
77178;11;495;11;506
77179;11;594;15;609
77180;11;1257;27;1284
77181;11;3768;35;3803
77182;11;4933;48;4981
77183;11;9637;85;9722
77184;11;622;10;632
77185;11;647;17;664
77186;11;15696;463;16159
77187;11;588;3;591
77188;11;998;18;1016
77190;11;258;5;263
77191;11;1052;13;1065
77192;11;5710;57;5767
77193;11;233;1;234
77194;11;415;17;432
77195;11;575;10;585
77196;11;971;3;974
77197;11;166;3;169
77198;11;247;4;251
77199;11;1389;11;1400
77200;11;117;2;119
77201;11;678;4;682
77202;11;802;6;808
77203;11;1326;21;1347
77204;11;211;3;214
77205;11;148;1;149
77206;11;181;4;185
77207;11;153;5;158
77208;11;1400;29;1429
77209;11;1186;22;1208
77210;11;2833;35;2868
77211;11;1025;9;1034
77212;11;164;3;167
77214;11;814;13;827
77215;11;8476;69;8545
77216;11;1413;35;1448
77217;11;2532;30;2562
77218;11;108;1;109
77219;11;2621;33;2654
77220;11;266;5;271
77221;11;1144;24;1168
77222;11;4296;29;4325
77223;11;565;6;571
77224;11;253;2;255
77225;11;318;7;325
77226;11;2545;101;2646
77227;11;624;17;641
77228;11;256;4;260
77229;11;1650;18;1668
77230;11;161;2;163
77231;11;815;2;817
77232;11;1149;17;1166
77233;11;589;3;592
77234;11;691;7;698
77235;11;316;5;321
77236;11;345;4;349
77237;11;656;9;665
77238;11;4349;41;4390
77239;11;1509;20;1529
77240;11;2171;28;2199
77241;11;2003;15;2018
77242;11;537;7;544
77243;11;21539;225;21764
77244;11;681;42;723
77245;11;410;4;414
77246;11;587;15;602
77247;11;447;11;458
77248;11;763;8;771
77249;11;7151;118;7269
77250;11;162;7;169
77251;11;13853;94;13947
77252;11;561;6;567
77253;11;288;1;289
77254;11;1285;22;1307
77255;11;2181;34;2215
77256;11;186;1;187
77257;11;3533;21;3554
77258;11;14353;65;14418
77259;11;2331;11;2342
77260;11;1781;25;1806
77261;11;1189;20;1209
77262;11;490;18;508
77263;11;236;7;243
77264;11;1526;17;1543
77265;11;1112;48;1160
77266;11;779;12;791
77267;11;360;3;363
77268;11;9107;150;9257
77269;11;1808;54;1862
77270;11;926;11;937
77271;11;134;1;135
77272;11;862;8;870
77273;11;583;4;587
77274;11;442;2;444
77275;11;148;4;152
77276;11;3231;41;3272
77277;11;1763;22;1785
77278;11;410;6;416
77279;11;1814;33;1847
77280;11;1114;11;1125
77281;11;476;4;480
77282;11;361;4;365
77283;11;943;4;947
77284;11;55750;479;56229
77285;11;20917;142;21059
77286;11;228;6;234
77287;11;496;11;507
77288;11;40844;295;41139
77289;11;351;3;354
77290;11;673;58;731
77291;11;1068;5;1073
77292;11;1199;11;1210
77293;11;926;17;943
77294;11;20648;83;20731
77295;11;1387;13;1400
77296;11;17849;135;17984
77297;11;329;4;333
77298;11;445;10;455
77300;11;604;12;616
77301;11;323;1;324
77302;11;1958;34;1992
77303;11;239;3;242
77304;11;25;0;25
77305;11;21229;193;21422
77306;11;503;6;509
77307;11;13517;111;13628
77308;11;743;7;750
77309;11;1753;10;1763
77310;11;305;6;311
77311;11;1427;15;1442
77312;11;2660;75;2735
77313;11;257;2;259
77314;11;236;2;238
77315;11;3705;31;3736
77316;11;12223;333;12556
77317;11;5014;36;5050
77318;11;1431;22;1453
77319;11;145;3;148
77320;11;5654;58;5712
77321;11;672;4;676
77322;11;3160;27;3187
77323;11;1477;5;1482
77325;11;359;4;363
77326;11;6235;71;6306
77327;11;8867;86;8953
77328;11;429;8;437
77329;11;686;3;689
77330;11;6225;74;6299
77331;11;429;6;435
77332;11;286;1;287
77333;11;13088;123;13211
77335;11;3554;28;3582
77336;11;1185;11;1196
77337;11;15960;107;16067
77338;11;597;8;605
77339;11;1827;58;1885
77340;11;602;11;613
77341;11;381;10;391
77342;11;111;1;112
77343;11;392;19;411
77344;11;2431;23;2454
77345;11;666;9;675
77347;11;856;10;866
77348;11;234;6;240
77349;11;6725;76;6801
77350;11;20532;194;20726
77352;11;1921;22;1943
77353;11;425;7;432
77354;11;940;8;948
77355;11;159;1;160
77356;11;45;1;46
77357;11;851;10;861
77358;11;1315;12;1327
77359;11;1980;25;2005
77360;11;386;4;390
77361;11;463;7;470
77363;11;1568;11;1579
77364;11;260;2;262
77365;11;614;5;619
77366;11;292;1;293
77367;11;279;4;283
77368;11;515;13;528
77369;11;724;12;736
77370;11;787;12;799
77371;11;2966;21;2987
77372;11;4183;38;4221
77373;11;37617;208;37825
77374;11;2186;18;2204
77376;11;809;3;812
77377;11;2312;29;2341
77378;11;2954;20;2974
77379;11;12132;285;12417
77380;11;320;6;326
77381;11;666;5;671
77382;11;5439;54;5493
77383;11;826;7;833
77384;11;1919;3;1922
77385;11;2292;24;2316
77386;11;614;22;636
77387;11;466;8;474
77388;11;826;7;833
77389;11;3778;105;3883
77390;11;22851;82;22933
77391;11;489;6;495
77392;11;910;12;922
77393;11;2808;36;2844
77394;11;2831;23;2854
77395;11;121;4;125
77396;11;98;0;98
77397;11;1844;25;1869
77398;11;717;8;725
77400;11;1729;28;1757
77401;11;673;7;680
77402;11;338;5;343
77403;11;807;17;824
77404;11;1826;32;1858
77405;11;1969;44;2013
77406;11;997;19;1016
77407;11;14121;125;14246
77408;11;417;2;419
77409;11;2707;101;2808
77410;11;738;33;771
77411;11;553;11;564
77412;11;380;5;385
77413;11;3770;48;3818
77414;11;483;7;490
77415;11;1277;18;1295
77416;11;238;5;243
77417;11;260;1;261
77418;11;874;11;885
77419;11;3391;117;3508
77420;11;3875;26;3901
77421;11;265;6;271
77423;11;655;9;664
77424;11;278;4;282
77425;11;737;21;758
77426;11;337;9;346
77427;11;612;5;617
77428;11;834;12;846
77429;11;537;5;542
77430;11;6110;53;6163
77431;11;5394;89;5483
77432;11;992;9;1001
77433;11;1992;34;2026
77434;11;364;5;369
77435;11;1107;31;1138
77436;11;896;5;901
77437;11;3224;29;3253
77438;11;6354;73;6427
77439;11;1169;23;1192
77440;11;1132;13;1145
77441;11;2040;47;2087
77442;11;2396;60;2456
77443;11;389;8;397
77444;11;318;2;320
77445;11;29987;225;30212
77446;11;603;9;612
77447;11;1853;48;1901
77448;11;522;7;529
77449;11;9494;90;9584
77450;11;3288;52;3340
77451;11;582;6;588
77452;11;65;0;65
77453;11;1155;14;1169
77454;11;376;6;382
77455;11;2009;32;2041
77456;11;814;19;833
77457;11;1179;22;1201
77458;11;5383;102;5485
77459;11;1504;393;1897
77460;11;349;4;353
77461;11;295;6;301
77462;11;872;2;874
77463;11;3420;114;3534
77464;11;10454;116;10570
77465;11;655;9;664
77466;11;381;3;384
77467;11;207;0;207
77468;11;22030;104;22134
77469;11;1221;11;1232
77470;11;8521;110;8631
77471;11;363;8;371
77472;11;504;10;514
77473;11;411;7;418
77474;11;657;5;662
77475;11;5045;32;5077
77476;11;233;2;235
77477;11;850;30;880
77478;11;1097;10;1107
77479;11;13368;132;13500
77480;11;1048;9;1057
77481;11;188;1;189
77482;11;3601;70;3671
77483;11;2032;22;2054
77484;11;276;6;282
77485;11;729;14;743
77486;11;898;8;906
77487;11;11101;159;11260
77489;11;232;3;235
77490;11;696;9;705
77492;11;657;4;661
77493;11;3204;21;3225
77494;11;2643;37;2680
77495;11;8238;82;8320
77496;11;189;4;193
77498;11;307;0;307
77500;11;468;9;477
77501;11;719;17;736
77504;11;1111;17;1128
77505;11;385;5;390
77506;11;782;10;792
77507;11;410;6;416
77508;11;1816;36;1852
77509;11;610;7;617
77510;11;982;4;986
77511;11;645;0;645
77512;11;1129;12;1141
77513;11;4975;34;5009
77514;11;26580;98;26678
77515;11;705;5;710
77516;11;862;26;888
77517;11;2137;13;2150
77518;11;208;3;211
77519;11;1189;25;1214
77520;11;646;20;666
77521;11;1935;46;1981
77522;11;298;6;304
77523;11;261;3;264
77524;11;522;6;528
77525;11;383;2;385
77526;11;277;5;282
77527;11;576;17;593
77528;11;1154;16;1170
77529;11;1494;30;1524
77530;11;316;12;328
77531;11;1664;23;1687
77532;11;66;0;66
77533;11;2748;62;2810
77534;11;953;1;954
78003;11;3490;48;3538
78005;11;21529;159;21688
78006;11;662;16;678
78007;11;1086;49;1135
78009;11;293;6;299
78010;11;1213;37;1250
78013;11;483;4;487
78015;11;13302;147;13449
78020;11;939;12;951
78029;11;12152;64;12216
78030;11;1958;47;2005
78031;11;649;10;659
78033;11;1142;24;1166
78034;11;967;19;986
78036;11;584;7;591
78043;11;3733;140;3873
78048;11;1457;41;1498
78049;11;1649;46;1695
78050;11;641;9;650
78053;11;479;12;491
78057;11;1883;21;1904
78062;11;7618;111;7729
78068;11;894;20;914
78070;11;288;2;290
78071;11;609;9;618
78072;11;264;2;266
78073;11;15325;143;15468
78076;11;275;4;279
78077;11;752;57;809
78082;11;623;11;634
78084;11;653;12;665
78087;11;2079;50;2129
78089;11;4791;38;4829
78090;11;2194;28;2222
78092;11;8790;142;8932
78096;11;499;9;508
78104;11;743;12;755
78107;11;1803;26;1829
78108;11;1305;29;1334
78113;11;696;12;708
78117;11;6027;165;6192
78118;11;3306;23;3329
78120;11;1908;62;1970
78123;11;16641;116;16757
78124;11;15178;198;15376
78125;11;836;31;867
78126;11;20692;404;21096
78128;11;1559;38;1597
78133;11;5587;141;5728
78138;11;10426;73;10499
78140;11;1335;25;1360
78143;11;1423;39;1462
78146;11;30153;501;30654
78147;11;476;7;483
78152;11;1767;76;1843
78158;11;31233;638;31871
78160;11;5610;136;5746
78162;11;545;26;571
78163;11;332;4;336
78164;11;818;64;882
78165;11;17487;235;17722
78168;11;4355;31;4386
78171;11;1238;27;1265
78172;11;35536;410;35946
78185;11;366;11;377
78188;11;407;6;413
78189;11;1671;63;1734
78190;11;10031;336;10367
78192;11;1375;16;1391
78193;11;1022;15;1037
78194;11;209;3;212
78196;11;293;14;307
78202;11;561;8;569
78206;11;4150;44;4194
78208;11;25624;244;25868
78209;11;881;13;894
78217;11;6561;94;6655
78220;11;6668;136;6804
78224;11;4453;185;4638
78227;11;793;14;807
78230;11;592;8;600
78231;11;155;6;161
78233;11;2983;141;3124
78234;11;183;0;183
78236;11;583;14;597
78237;11;154;2;156
78238;11;2428;30;2458
78239;11;2146;30;2176
78242;11;13466;141;13607
78245;11;377;14;391
78246;11;954;19;973
78255;11;4266;58;4324
78261;11;665;13;678
78262;11;1243;18;1261
78263;11;2476;64;2540
78264;11;57;1;58
78265;11;2375;53;2428
78267;11;7893;68;7961
78269;11;1290;30;1320
78276;11;674;5;679
78278;11;511;10;521
78281;11;625;10;635
78283;11;304;10;314
78285;11;544;14;558
78289;11;900;39;939
78290;11;1074;15;1089
78291;11;2166;38;2204
78296;11;622;11;633
78297;11;29471;461;29932
78299;11;2495;21;2516
78300;11;454;5;459
78302;11;166;5;171
78305;11;247;6;253
78307;11;949;25;974
78310;11;3671;41;3712
78311;11;32801;346;33147
78314;11;3893;46;3939
78317;11;796;13;809
78320;11;687;15;702
78321;11;5772;117;5889
78322;11;8049;167;8216
78324;11;558;3;561
78325;11;605;7;612
78327;11;3843;46;3889
78329;11;776;12;788
78334;11;1600;34;1634
78335;11;17136;105;17241
78337;11;1937;32;1969
78343;11;1629;65;1694
78344;11;658;9;667
78346;11;1502;24;1526
78349;11;504;12;516
78350;11;7236;165;7401
78354;11;6177;131;6308
78356;11;9418;170;9588
78358;11;23361;501;23862
78361;11;43921;195;44116
78362;11;20818;157;20975
78364;11;765;9;774
78366;11;391;11;402
78367;11;3677;168;3845
78368;11;1696;36;1732
78372;11;16385;499;16884
78380;11;5881;221;6102
78381;11;1013;15;1028
78382;11;4414;53;4467
78383;11;17683;248;17931
78384;11;1346;45;1391
78385;11;212;1;213
78389;11;1665;50;1715
78391;11;394;7;401
78396;11;6285;151;6436
78397;11;6777;117;6894
78398;11;865;22;887
78401;11;9005;76;9081
78402;11;3683;40;3723
78403;11;2296;35;2331
78404;11;269;4;273
78406;11;283;12;295
78407;11;626;15;641
78410;11;979;7;986
78413;11;407;3;410
78415;11;510;21;531
78416;11;316;5;321
78417;11;297;7;304
78418;11;14991;278;15269
78420;11;2935;78;3013
78423;11;32282;459;32741
78431;11;3023;82;3105
78437;11;679;9;688
78439;11;109;1;110
78440;11;33203;159;33362
78442;11;3385;54;3439
78443;11;916;19;935
78444;11;823;15;838
78451;11;1040;15;1055
78455;11;7635;285;7920
78460;11;1070;20;1090
78464;11;1020;23;1043
78465;11;2433;68;2501
78466;11;6664;199;6863
78470;11;883;26;909
78472;11;330;6;336
78474;11;927;9;936
78475;11;379;9;388
78478;11;243;7;250
78481;11;15716;330;16046
78484;11;637;16;653
78486;11;6597;113;6710
78490;11;30950;353;31303
78497;11;916;41;957
78498;11;39187;288;39475
78499;11;664;19;683
78501;11;3174;70;3244
78502;11;5481;56;5537
78505;11;416;17;433
78506;11;882;9;891
78513;11;2199;31;2230
78516;11;979;16;995
78517;11;27141;495;27636
78518;11;110;4;114
78520;11;1593;25;1618
78522;11;907;38;945
78528;11;375;3;378
78530;11;374;6;380
78531;11;6883;46;6929
78536;11;357;11;368
78537;11;5818;135;5953
78545;11;19792;640;20432
78548;11;473;13;486
78550;11;1850;37;1887
78551;11;44806;1843;46649
78557;11;948;18;966
78558;11;390;8;398
78559;11;426;5;431
78561;11;447;35;482
78562;11;1394;32;1426
78564;11;667;9;676
78565;11;303;9;312
78567;11;928;11;939
78569;11;921;19;940
78571;11;4920;210;5130
78575;11;7806;159;7965
78576;11;1621;29;1650
78586;11;52774;449;53223
78588;11;957;27;984
78590;11;499;11;510
78591;11;2349;24;2373
78597;11;685;8;693
78601;11;1600;62;1662
78605;11;1042;17;1059
78606;11;36;1;37
78608;11;123;1;124
78609;11;1051;6;1057
78615;11;1189;22;1211
78616;11;1424;28;1452
78618;11;516;14;530
78620;11;1166;38;1204
78621;11;32645;114;32759
78623;11;951;150;1101
78624;11;12250;213;12463
78638;11;5010;67;5077
78640;11;23092;184;23276
78642;11;15980;372;16352
78643;11;10104;187;10291
78644;11;6386;79;6465
78646;11;84808;2038;86846
78647;11;835;12;847
78650;11;15943;553;16496
78653;11;377;9;386
78655;11;635;26;661
78668;11;656;10;666
78672;11;5292;167;5459
78674;11;11003;205;11208
78677;11;509;17;526
78681;11;828;17;845
78683;11;2906;161;3067
78686;11;16752;348;17100
78688;11;10835;374;11209
79001;75;1052;15;1067
79002;75;309;5;314
79003;75;5396;170;5566
79005;75;3270;47;3317
79007;75;666;19;685
79008;75;822;7;829
79009;75;432;9;441
79010;75;612;6;618
79012;75;1244;32;1276
79013;75;3183;89;3272
79014;75;2620;36;2656
79015;75;196;5;201
79016;75;769;12;781
79018;75;184;5;189
79019;75;164;1;165
79020;75;890;21;911
79022;75;193;1;194
79023;75;63;1;64
79024;75;1982;95;2077
79025;75;1125;29;1154
79029;75;664;14;678
79030;75;973;55;1028
79031;75;1768;37;1805
79032;75;774;14;788
79034;75;1721;65;1786
79038;75;1192;28;1220
79040;75;236;2;238
79042;75;176;6;182
79046;75;567;6;573
79047;75;453;10;463
79048;75;5820;133;5953
79049;75;19850;997;20847
79050;75;589;16;605
79055;75;123;3;126
79056;75;740;11;751
79057;75;1445;51;1496
79058;75;767;17;784
79059;75;733;8;741
79060;75;178;3;181
79061;75;3907;57;3964
79062;75;4764;73;4837
79063;75;2044;110;2154
79064;75;848;24;872
79066;75;1734;39;1773
79069;75;1012;23;1035
79070;75;402;10;412
79071;75;469;14;483
79074;75;179;5;184
79076;75;2034;26;2060
79077;75;731;10;741
79078;75;965;15;980
79079;75;8578;226;8804
79080;75;2678;54;2732
79081;75;7083;206;7289
79083;75;2457;113;2570
79084;75;451;3;454
79085;75;135;5;140
79086;75;1960;42;2002
79087;75;559;9;568
79088;75;1695;44;1739
79089;75;160;1;161
79090;75;846;22;868
79091;75;947;24;971
79092;75;361;4;365
79094;75;952;9;961
79095;75;586;12;598
79096;75;1144;34;1178
79100;75;2260;55;2315
79101;75;2355;49;2404
79102;75;433;3;436
79103;75;2421;49;2470
79104;75;560;13;573
79105;75;473;9;482
79106;75;401;2;403
79108;75;230;1;231
79109;75;3441;99;3540
79111;75;289;4;293
79112;75;860;24;884
79114;75;1578;31;1609
79115;75;567;10;577
79116;75;1114;17;1131
79117;75;648;8;656
79118;75;281;6;287
79119;75;628;11;639
79120;75;762;13;775
79121;75;405;10;415
79122;75;533;5;538
79123;75;2311;49;2360
79124;75;112;5;117
79125;75;1811;55;1866
79126;75;439;10;449
79127;75;850;7;857
79128;75;953;26;979
79129;75;1719;31;1750
79130;75;2899;99;2998
79131;75;314;7;321
79132;75;317;6;323
79133;75;1182;23;1205
79134;75;571;14;585
79135;75;960;23;983
79136;75;894;17;911
79137;75;903;18;921
79139;75;55;2;57
79140;75;828;10;838
79141;75;208;4;212
79142;75;100;2;102
79144;75;372;7;379
79145;75;368;5;373
79147;75;732;9;741
79148;75;1982;27;2009
79149;75;139;2;141
79150;75;819;16;835
79152;75;302;6;308
79153;75;158;3;161
79154;75;400;6;406
79156;75;687;25;712
79157;75;1320;41;1361
79158;75;132;3;135
79159;75;526;4;530
79160;75;164;3;167
79161;75;644;12;656
79162;75;2693;65;2758
79163;75;519;10;529
79164;75;262;4;266
79165;75;141;5;146
79166;75;877;14;891
79167;75;236;11;247
79170;75;2891;55;2946
79172;75;1026;23;1049
79174;75;6173;329;6502
79175;75;488;12;500
79176;75;861;23;884
79177;75;193;4;197
79179;75;5057;184;5241
79180;75;309;3;312
79183;75;373;10;383
79184;75;1674;24;1698
79185;75;4677;144;4821
79189;75;1704;31;1735
79190;75;492;3;495
79191;75;59193;1834;61027
79195;75;5536;119;5655
79196;75;2384;53;2437
79197;75;91;2;93
79198;75;260;3;263
79200;75;265;3;268
79201;75;1704;20;1724
79202;75;10089;400;10489
79203;75;367;8;375
79204;75;1004;38;1042
79205;75;74;3;77
79207;75;630;17;647
79208;75;1137;38;1175
79209;75;330;8;338
79210;75;1047;23;1070
79212;75;206;3;209
79213;75;1992;54;2046
79215;75;368;7;375
79216;75;2217;40;2257
79217;75;950;22;972
79218;75;193;6;199
79220;75;600;15;615
79223;75;62;1;63
79225;75;376;6;382
79226;75;276;5;281
79229;75;553;14;567
79230;75;867;11;878
79231;75;708;15;723
79235;75;1408;42;1450
79236;75;652;12;664
79238;75;540;21;561
79239;75;1714;127;1841
79241;75;569;11;580
79242;75;1119;20;1139
79243;75;279;0;279
79244;75;366;4;370
79246;75;605;13;618
79249;75;2136;63;2199
79250;75;400;4;404
79251;75;745;29;774
79252;75;348;13;361
79253;75;694;14;708
79254;75;451;13;464
79255;75;401;3;404
79256;75;233;6;239
79257;75;1524;23;1547
79258;75;432;13;445
79259;75;1372;36;1408
79263;75;596;11;607
79265;75;1261;24;1285
79267;75;326;4;330
79268;75;995;40;1035
79269;75;414;5;419
79270;75;7242;140;7382
79271;75;370;2;372
79273;75;795;20;815
79274;75;292;6;298
79276;75;1083;31;1114
79277;75;1090;18;1108
79278;75;238;6;244
79280;75;883;14;897
79281;75;1306;36;1342
79283;75;1327;31;1358
79284;75;782;12;794
79285;75;1862;42;1904
79286;75;441;7;448
79289;75;1444;26;1470
79290;75;944;15;959
79293;75;1128;25;1153
79294;75;167;5;172
79295;75;711;18;729
79297;75;353;7;360
79298;75;1950;56;2006
79299;75;2401;49;2450
79300;75;1377;30;1407
79301;75;627;20;647
79302;75;1391;34;1425
79303;75;328;12;340
79304;75;760;51;811
79306;75;188;2;190
79307;75;1514;28;1542
79308;75;637;10;647
79309;75;350;7;357
79310;75;501;15;516
79311;75;1802;85;1887
79312;75;116;3;119
79313;75;625;15;640
79316;75;431;14;445
79319;75;873;28;901
79320;75;655;12;667
79322;75;2000;56;2056
79326;75;1409;27;1436
79329;75;13886;344;14230
79331;75;124;6;130
79332;75;121;4;125
79334;75;1076;22;1098
79335;75;793;21;814
79336;75;226;2;228
79337;75;868;26;894
79338;75;252;0;252
79339;75;1671;29;1700
79340;75;324;6;330
79341;75;113;1;114
79342;75;573;13;586
79343;75;211;2;213
79345;75;896;32;928
79346;75;129;3;132
79347;75;1105;21;1126
79348;75;222;5;227
79349;75;148;2;150
79350;75;121;3;124
79351;75;1793;31;1824
79352;75;157;6;163
79354;75;362;10;372
79355;75;3345;101;3446
79357;75;232;3;235
80001;32;22980;410;23390
80002;32;266;5;271
80003;32;581;11;592
80004;32;511;4;515
80005;32;84;2;86
80006;32;253;4;257
80008;32;896;18;914
80009;32;997;24;1021
80010;32;2833;31;2864
80011;32;2952;26;2978
80013;32;2383;32;2415
80014;32;56;0;56
80015;32;64;3;67
80016;32;9779;166;9945
80017;32;442;6;448
80018;32;248;5;253
80019;32;787;14;801
80020;32;762;18;780
80021;32;134706;2674;137380
80022;32;264;3;267
80023;32;279;4;283
80024;32;544;6;550
80025;32;327;3;330
80026;32;28;0;28
80027;32;31;0;31
80028;32;157;1;158
80029;32;842;25;867
80030;32;216;8;224
80031;32;775;9;784
80032;32;104;0;104
80033;32;303;3;306
80034;32;588;6;594
80035;32;78;1;79
80036;32;538;4;542
80037;32;153;1;154
80038;32;144;3;147
80039;32;1397;17;1414
80040;32;175;4;179
80041;32;147;4;151
80042;32;122;2;124
80043;32;264;11;275
80044;32;408;6;414
80045;32;161;2;163
80046;32;55;0;55
80047;32;521;5;526
80048;32;63;3;66
80049;32;167;10;177
80050;32;485;10;495
80051;32;257;3;260
80052;32;212;5;217
80053;32;70;1;71
80054;32;236;5;241
80055;32;168;1;169
80056;32;96;1;97
80057;32;77;3;80
80058;32;334;4;338
80059;32;77;1;78
80060;32;105;0;105
80061;32;187;3;190
80062;32;1422;17;1439
80063;32;988;22;1010
80064;32;170;3;173
80065;32;89;3;92
80066;32;281;6;287
80067;32;194;2;196
80068;32;220;1;221
80069;32;208;0;208
80070;32;1325;52;1377
80071;32;2036;23;2059
80073;32;156;2;158
80074;32;130;1;131
80076;32;516;4;520
80077;32;324;3;327
80078;32;511;9;520
80079;32;326;4;330
80080;32;148;5;153
80081;32;90;2;92
80082;32;740;8;748
80083;32;140;4;144
80084;32;213;1;214
80085;32;37;2;39
80086;32;1058;17;1075
80087;32;238;6;244
80088;32;353;2;355
80089;32;264;1;265
80090;32;152;3;155
80092;32;686;6;692
80093;32;1103;12;1115
80094;32;439;11;450
80095;32;212;3;215
80096;32;942;9;951
80097;32;129;3;132
80098;32;106;3;109
80099;32;226;4;230
80100;32;619;4;623
80101;32;861;5;866
80102;32;383;7;390
80103;32;66;0;66
80104;32;135;2;137
80105;32;168;2;170
80106;32;175;3;178
80107;32;622;11;633
80108;32;73;1;74
80109;32;343;3;346
80110;32;474;16;490
80112;32;240;1;241
80113;32;337;7;344
80114;32;336;6;342
80115;32;282;4;286
80116;32;273;3;276
80117;32;158;5;163
80118;32;116;1;117
80119;32;422;8;430
80120;32;536;11;547
80121;32;156;0;156
80122;32;488;15;503
80123;32;372;8;380
80124;32;704;14;718
80125;32;87;0;87
80126;32;922;17;939
80127;32;832;11;843
80128;32;147;3;150
80129;32;541;13;554
80130;32;427;6;433
80131;32;3281;56;3337
80132;32;232;3;235
80133;32;238;1;239
80134;32;79;2;81
80135;32;244;4;248
80136;32;1275;7;1282
80137;32;746;4;750
80138;32;125;1;126
80139;32;43;0;43
80140;32;107;3;110
80141;32;329;1;330
80142;32;318;4;322
80143;32;101;1;102
80144;32;497;9;506
80145;32;138;0;138
80146;32;205;5;210
80147;32;326;7;333
80148;32;400;5;405
80149;32;524;11;535
80150;32;222;7;229
80151;32;308;4;312
80152;32;148;1;149
80153;32;131;0;131
80154;32;213;7;220
80155;32;293;8;301
80156;32;398;3;401
80157;32;96;5;101
80158;32;51;0;51
80159;32;280;6;286
80160;32;1203;21;1224
80161;32;205;7;212
80162;32;699;11;710
80163;32;761;11;772
80164;32;4436;54;4490
80165;32;190;1;191
80166;32;702;7;709
80167;32;330;11;341
80168;32;1105;9;1114
80169;32;66;0;66
80170;32;111;1;112
80171;32;599;19;618
80172;32;546;7;553
80173;32;538;7;545
80174;32;79;3;82
80176;32;268;4;272
80177;32;715;23;738
80179;32;219;4;223
80180;32;104;1;105
80181;32;123;0;123
80182;32;2445;31;2476
80183;32;264;5;269
80184;32;534;5;539
80185;32;284;10;294
80186;32;2026;22;2048
80187;32;650;11;661
80188;32;590;7;597
80189;32;72;1;73
80190;32;1231;17;1248
80191;32;174;5;179
80192;32;167;2;169
80193;32;136;3;139
80194;32;139;1;140
80195;32;150;1;151
80196;32;243;8;251
80197;32;31;0;31
80198;32;378;4;382
80199;32;522;11;533
80200;32;223;2;225
80201;32;49;2;51
80202;32;361;3;364
80203;32;87;2;89
80204;32;738;12;750
80205;32;912;10;922
80206;32;117;0;117
80207;32;364;2;366
80208;32;219;4;223
80210;32;146;7;153
80211;32;1796;49;1845
80212;32;6292;79;6371
80213;32;571;170;741
80214;32;320;1;321
80215;32;220;8;228
80216;32;155;1;156
80217;32;75;0;75
80218;32;144;3;147
80219;32;68;1;69
80220;32;100;2;102
80221;32;305;5;310
80222;32;1370;28;1398
80223;32;133;0;133
80224;32;123;1;124
80225;32;193;4;197
80226;32;272;5;277
80227;32;447;9;456
80228;32;1989;33;2022
80229;32;340;2;342
80230;32;303;8;311
80231;32;171;2;173
80232;32;229;5;234
80233;32;156;1;157
80234;32;776;16;792
80235;32;1197;18;1215
80236;32;575;4;579
80237;32;524;11;535
80238;32;564;9;573
80239;32;53;2;55
80240;32;1402;44;1446
80241;32;1065;11;1076
80242;32;409;9;418
80243;32;43;0;43
80244;32;174;3;177
80245;32;302;3;305
80246;32;347;5;352
80247;32;715;8;723
80248;32;418;6;424
80249;32;312;7;319
80250;32;351;4;355
80251;32;351;8;359
80252;32;251;1;252
80253;32;5890;172;6062
80256;32;1639;10;1649
80258;32;87;3;90
80259;32;87;1;88
80260;32;924;23;947
80261;32;1464;61;1525
80262;32;392;14;406
80263;32;50;1;51
80264;32;84;39;123
80265;32;569;7;576
80266;32;305;0;305
80267;32;281;2;283
80268;32;530;14;544
80269;32;119;2;121
80270;32;5;0;5
80271;32;1129;14;1143
80272;32;124;2;126
80273;32;351;5;356
80274;32;1789;18;1807
80275;32;298;2;300
80276;32;286;7;293
80278;32;188;3;191
80279;32;769;11;780
80280;32;123;2;125
80281;32;176;1;177
80282;32;511;5;516
80283;32;166;0;166
80284;32;748;36;784
80285;32;260;3;263
80287;32;239;4;243
80288;32;328;10;338
80290;32;391;5;396
80291;32;272;3;275
80292;32;135;1;136
80293;32;362;3;365
80294;32;159;3;162
80295;32;592;7;599
80296;32;1182;8;1190
80297;32;40;1;41
80298;32;529;3;532
80299;32;236;1;237
80300;32;156;1;157
80301;32;274;2;276
80302;32;170;3;173
80303;32;462;7;469
80304;32;100;2;102
80305;32;474;12;486
80306;32;133;5;138
80307;32;153;2;155
80308;32;2499;42;2541
80310;32;684;12;696
80311;32;153;2;155
80312;32;279;1;280
80313;32;292;5;297
80314;32;199;3;202
80315;32;508;10;518
80316;32;2016;24;2040
80317;32;212;3;215
80318;32;3237;73;3310
80319;32;340;0;340
80320;32;156;1;157
80321;32;142;2;144
80322;32;170;0;170
80324;32;145;5;150
80325;32;51;1;52
80326;32;108;2;110
80327;32;158;5;163
80328;32;525;5;530
80329;32;178;1;179
80330;32;237;6;243
80331;32;308;12;320
80332;32;397;9;406
80333;32;1298;13;1311
80334;32;96;3;99
80335;32;244;3;247
80336;32;81;1;82
80337;32;204;3;207
80338;32;1829;17;1846
80339;32;154;4;158
80340;32;199;2;201
80341;32;401;9;410
80342;32;459;3;462
80343;32;171;2;173
80344;32;182;8;190
80345;32;530;5;535
80346;32;167;1;168
80347;32;156;2;158
80348;32;181;4;185
80349;32;134;1;135
80350;32;506;7;513
80351;32;258;2;260
80352;32;157;1;158
80353;32;151;1;152
80354;32;204;3;207
80355;32;102;2;104
80356;32;90;9;99
80357;32;234;6;240
80358;32;137;2;139
80359;32;287;9;296
80360;32;2181;43;2224
80361;32;75;0;75
80362;32;308;7;315
80364;32;703;11;714
80365;32;185;0;185
80366;32;490;4;494
80367;32;180;5;185
80368;32;4491;98;4589
80369;32;235;5;240
80371;32;97;4;101
80372;32;124;4;128
80373;32;2480;84;2564
80374;32;280;3;283
80375;32;341;7;348
80376;32;652;4;656
80377;32;409;5;414
80378;32;66;1;67
80379;32;826;1;827
80380;32;243;5;248
80381;32;38;1;39
80383;32;92;0;92
80384;32;177;1;178
80385;32;459;28;487
80386;32;179;3;182
80387;32;324;1;325
80388;32;213;2;215
80390;32;411;6;417
80391;32;88;0;88
80392;32;576;13;589
80393;32;312;6;318
80395;32;278;5;283
80396;32;361;4;365
80397;32;93;4;97
80399;32;395;4;399
80400;32;413;5;418
80401;32;130;1;131
80402;32;136;1;137
80403;32;184;3;187
80404;32;142;3;145
80405;32;429;2;431
80406;32;1302;17;1319
80407;32;141;6;147
80408;32;334;1;335
80409;32;153;5;158
80410;32;4559;98;4657
80411;32;493;6;499
80412;32;638;6;644
80413;32;90;1;91
80414;32;123;2;125
80415;32;1012;8;1020
80416;32;770;9;779
80417;32;1640;11;1651
80418;32;84;0;84
80420;32;175;1;176
80421;32;294;4;298
80422;32;578;10;588
80423;32;381;5;386
80424;32;540;18;558
80425;32;116;1;117
80426;32;435;8;443
80427;32;376;8;384
80428;32;134;2;136
80429;32;193;1;194
80430;32;201;7;208
80431;32;683;11;694
80432;32;190;1;191
80433;32;44;0;44
80434;32;190;4;194
80435;32;57;0;57
80436;32;522;13;535
80437;32;110;4;114
80438;32;511;6;517
80439;32;167;1;168
80440;32;153;3;156
80442;32;1178;10;1188
80443;32;1681;28;1709
80444;32;661;13;674
80445;32;272;2;274
80446;32;755;20;775
80449;32;69;2;71
80450;32;112;1;113
80451;32;123;0;123
80452;32;521;3;524
80453;32;142;0;142
80455;32;91;2;93
80456;32;554;6;560
80458;32;451;11;462
80459;32;108;0;108
80460;32;65;1;66
80461;32;216;4;220
80462;32;357;11;368
80463;32;702;10;712
80464;32;918;14;932
80465;32;196;5;201
80466;32;133;1;134
80467;32;194;1;195
80468;32;170;3;173
80469;32;162;1;163
80470;32;164;2;166
80472;32;173;7;180
80473;32;295;2;297
80474;32;396;3;399
80475;32;215;7;222
80476;32;372;4;376
80477;32;222;4;226
80478;32;145;2;147
80479;32;354;6;360
80480;32;113;2;115
80481;32;458;5;463
80482;32;140;2;142
80484;32;388;6;394
80485;32;1179;9;1188
80486;32;618;8;626
80487;32;79;2;81
80488;32;1587;29;1616
80489;32;5765;45;5810
80490;32;273;9;282
80491;32;75;1;76
80493;32;294;5;299
80494;32;201;3;204
80495;32;521;4;525
80496;32;154;1;155
80497;32;118;5;123
80498;32;632;5;637
80499;32;300;6;306
80500;32;531;7;538
80501;32;283;3;286
80502;32;101;3;104
80503;32;186;2;188
80504;32;76;0;76
80505;32;292;4;296
80507;32;1263;19;1282
80508;32;51;0;51
80509;32;598;6;604
80511;32;111;1;112
80512;32;836;11;847
80513;32;180;3;183
80514;32;129;1;130
80515;32;144;2;146
80516;32;194;1;195
80517;32;197;3;200
80518;32;425;3;428
80519;32;502;7;509
80520;32;182;3;185
80521;32;211;0;211
80522;32;107;0;107
80523;32;1259;22;1281
80524;32;588;6;594
80525;32;179;3;182
80526;32;155;3;158
80527;32;303;7;310
80528;32;9;0;9
80529;32;193;4;197
80530;32;607;4;611
80531;32;102;0;102
80533;32;2655;56;2711
80535;32;161;5;166
80536;32;287;3;290
80537;32;89;0;89
80538;32;122;0;122
80540;32;235;4;239
80541;32;198;3;201
80542;32;561;6;567
80543;32;117;3;120
80544;32;184;3;187
80545;32;559;7;566
80546;32;584;12;596
80547;32;205;4;209
80548;32;354;2;356
80549;32;655;12;667
80550;32;130;4;134
80552;32;1153;22;1175
80553;32;327;10;337
80554;32;980;9;989
80555;32;601;19;620
80556;32;552;6;558
80557;32;594;11;605
80558;32;223;3;226
80559;32;143;3;146
80560;32;214;1;215
80561;32;6113;105;6218
80562;32;206;2;208
80563;32;96;1;97
80565;32;82;2;84
80566;32;341;8;349
80568;32;347;4;351
80569;32;327;3;330
80570;32;3986;28;4014
80571;32;497;9;506
80572;32;367;2;369
80573;32;398;5;403
80574;32;95;1;96
80575;32;80;8;88
80576;32;321;0;321
80577;32;183;1;184
80578;32;719;11;730
80579;32;851;12;863
80580;32;250;3;253
80582;32;1002;15;1017
80583;32;290;8;298
80584;32;1078;10;1088
80585;32;2314;30;2344
80586;32;156;1;157
80587;32;82;2;84
80588;32;359;7;366
80589;32;100;0;100
80590;32;321;12;333
80591;32;151;1;152
80592;32;507;7;514
80593;32;254;2;256
80595;32;301;1;302
80596;32;221;6;227
80597;32;852;15;867
80598;32;1259;37;1296
80599;32;241;3;244
80600;32;685;10;695
80601;32;373;4;377
80602;32;129;3;132
80603;32;334;1;335
80604;32;80;3;83
80605;32;207;2;209
80606;32;1148;45;1193
80607;32;212;3;215
80609;32;408;6;414
80611;32;924;11;935
80613;32;621;12;633
80614;32;317;6;323
80615;32;437;3;440
80616;32;199;1;200
80617;32;231;3;234
80618;32;1051;14;1065
80619;32;728;8;736
80620;32;7577;207;7784
80621;32;723;11;734
80622;32;1311;16;1327
80623;32;371;6;377
80624;32;282;5;287
80625;32;1516;12;1528
80626;32;292;2;294
80627;32;829;20;849
80628;32;776;4;780
80629;32;108;2;110
80630;32;2358;39;2397
80631;32;98;3;101
80632;32;2411;37;2448
80633;32;608;10;618
80634;32;821;17;838
80635;32;1459;22;1481
80637;32;288;1;289
80638;32;108;6;114
80639;32;1236;23;1259
80640;32;266;3;269
80642;32;321;2;323
80643;32;558;8;566
80644;32;728;11;739
80645;32;556;3;559
80646;32;92;4;96
80647;32;293;3;296
80648;32;121;1;122
80649;32;1313;29;1342
80650;32;632;17;649
80651;32;265;2;267
80652;32;780;9;789
80654;32;543;18;561
80655;32;428;5;433
80656;32;1085;10;1095
80657;32;322;2;324
80658;32;144;3;147
80659;32;271;6;277
80661;32;1010;7;1017
80662;32;284;2;286
80663;32;340;7;347
80664;32;192;3;195
80665;32;123;3;126
80666;32;32;0;32
80667;32;132;0;132
80668;32;168;3;171
80669;32;351;6;357
80670;32;497;8;505
80671;32;234;7;241
80672;32;648;12;660
80673;32;175;7;182
80674;32;3599;34;3633
80675;32;127;2;129
80676;32;154;7;161
80677;32;1593;19;1612
80678;32;770;19;789
80679;32;591;5;596
80680;32;3017;25;3042
80681;32;309;8;317
80682;32;213;6;219
80683;32;103;3;106
80684;32;109;4;113
80685;32;5693;61;5754
80686;32;728;9;737
80687;32;133;2;135
80688;32;3111;91;3202
80690;32;628;9;637
80691;32;353;13;366
80692;32;1023;18;1041
80693;32;327;1;328
80694;32;350;6;356
80695;32;483;6;489
80696;32;1220;32;1252
80697;32;32;0;32
80698;32;221;4;225
80699;32;111;0;111
80700;32;878;16;894
80701;32;432;10;442
80702;32;1309;27;1336
80703;32;203;3;206
80704;32;382;5;387
80705;32;82;1;83
80706;32;1854;16;1870
80707;32;75;4;79
80708;32;155;3;158
80709;32;268;8;276
80710;32;395;5;400
80711;32;1828;15;1843
80713;32;281;5;286
80714;32;1280;21;1301
80716;32;1265;29;1294
80717;32;992;7;999
80718;32;1341;16;1357
80719;32;52;5;57
80721;32;2469;41;2510
80722;32;488;7;495
80723;32;240;1;241
80724;32;2805;30;2835
80725;32;3918;54;3972
80726;32;265;6;271
80728;32;75;0;75
80729;32;177;0;177
80730;32;952;8;960
80732;32;628;14;642
80733;32;307;3;310
80734;32;212;3;215
80735;32;167;2;169
80736;32;208;5;213
80737;32;161;1;162
80738;32;126;3;129
80740;32;344;2;346
80741;32;190;4;194
80742;32;65;2;67
80743;32;192;4;196
80744;32;57;2;59
80746;32;1069;12;1081
80747;32;136;3;139
80748;32;185;3;188
80749;32;317;4;321
80750;32;146;1;147
80751;32;580;6;586
80752;32;678;8;686
80753;32;124;2;126
80754;32;399;4;403
80755;32;147;4;151
80756;32;63;0;63
80757;32;146;2;148
80758;32;207;0;207
80759;32;349;9;358
80760;32;378;10;388
80762;32;346;10;356
80763;32;344;8;352
80764;32;296;7;303
80765;32;809;10;819
80766;32;439;5;444
80767;32;258;6;264
80769;32;232;0;232
80770;32;538;9;547
80771;32;33;0;33
80773;32;104;0;104
80774;32;291;3;294
80775;32;632;6;638
80776;32;218;1;219
80777;32;139;1;140
80778;32;127;0;127
80779;32;848;19;867
80780;32;406;5;411
80781;32;225;5;230
80782;32;418;7;425
80783;32;84;1;85
80784;32;306;6;312
80785;32;544;9;553
80786;32;149;0;149
80787;32;95;1;96
80788;32;173;2;175
80789;32;152;0;152
80790;32;169;3;172
80791;32;732;6;738
80792;32;246;1;247
80793;32;2338;34;2372
80794;32;57;1;58
80795;32;469;42;511
80796;32;182;6;188
80797;32;138;3;141
80798;32;1435;53;1488
80799;32;4592;56;4648
80800;32;143;7;150
80801;32;330;4;334
80802;32;557;9;566
80803;32;275;0;275
80804;32;179;5;184
80805;32;159;6;165
80806;32;471;8;479
80807;32;266;3;269
80808;32;498;9;507
80809;32;477;12;489
80810;32;135;1;136
80811;32;591;7;598
80812;32;139;3;142
80813;32;97;3;100
80814;32;449;9;458
80815;32;836;26;862
80819;32;84;3;87
80820;32;753;10;763
80821;32;220;5;225
80822;32;143;2;145
80823;32;134;10;144
80824;32;270;2;272
80825;32;115;1;116
80826;32;791;17;808
80827;32;1239;14;1253
80828;32;67;0;67
80829;32;91;2;93
80830;32;245;5;250
80832;32;305;4;309
80833;32;123;2;125
80834;32;514;42;556
80835;32;269;0;269
80836;32;220;7;227
81001;76;226;9;235
81002;76;2512;57;2569
81003;76;928;36;964
81004;76;48902;1723;50625
81005;76;518;5;523
81006;76;198;3;201
81007;76;95;2;97
81008;76;294;4;298
81009;76;68;0;68
81010;76;467;6;473
81011;76;1010;40;1050
81012;76;121;1;122
81013;76;406;8;414
81014;76;502;8;510
81015;76;73;1;74
81016;76;165;7;172
81017;76;160;1;161
81018;76;2512;50;2562
81019;76;143;1;144
81020;76;271;12;283
81021;76;5827;135;5962
81022;76;203;7;210
81023;76;208;2;210
81024;76;363;9;372
81025;76;244;9;253
81026;76;703;7;710
81027;76;158;2;160
81028;76;103;1;104
81029;76;186;5;191
81030;76;111;1;112
81031;76;821;18;839
81032;76;1135;19;1154
81033;76;2946;186;3132
81034;76;387;7;394
81035;76;218;7;225
81036;76;1267;22;1289
81037;76;1305;33;1338
81038;76;2341;64;2405
81039;76;2040;30;2070
81040;76;427;11;438
81041;76;121;1;122
81042;76;2053;41;2094
81043;76;736;13;749
81044;76;303;4;307
81045;76;369;9;378
81046;76;1529;45;1574
81047;76;225;7;232
81048;76;2578;32;2610
81049;76;350;3;353
81050;76;342;10;352
81051;76;1158;20;1178
81052;76;2128;56;2184
81053;76;334;10;344
81054;76;939;28;967
81055;76;349;1;350
81056;76;157;2;159
81058;76;230;7;237
81059;76;669;15;684
81060;76;9782;156;9938
81061;76;191;2;193
81062;76;935;18;953
81063;76;1621;38;1659
81064;76;1041;25;1066
81065;76;42079;1470;43549
81066;76;280;6;286
81067;76;469;16;485
81068;76;153;6;159
81069;76;822;39;861
81070;76;2939;54;2993
81071;76;79;3;82
81072;76;134;3;137
81073;76;177;1;178
81074;76;1607;62;1669
81075;76;502;11;513
81076;76;698;20;718
81077;76;399;10;409
81078;76;1028;18;1046
81079;76;803;33;836
81080;76;71;2;73
81081;76;1311;36;1347
81082;76;111;1;112
81083;76;246;1;247
81084;76;614;21;635
81085;76;45;1;46
81086;76;173;3;176
81087;76;357;10;367
81088;76;554;14;568
81089;76;136;5;141
81090;76;253;6;259
81092;76;926;15;941
81093;76;682;46;728
81094;76;93;3;96
81095;76;83;1;84
81096;76;410;5;415
81097;76;1328;35;1363
81098;76;701;20;721
81099;76;15265;323;15588
81100;76;402;10;412
81101;76;1270;18;1288
81102;76;271;14;285
81103;76;134;7;141
81104;76;1506;36;1542
81105;76;12844;245;13089
81106;76;618;11;629
81108;76;168;1;169
81109;76;438;7;445
81110;76;96;3;99
81111;76;77;0;77
81112;76;937;24;961
81114;76;513;12;525
81115;76;1414;25;1439
81116;76;1937;46;1983
81117;76;753;22;775
81118;76;152;4;156
81119;76;489;6;495
81120;76;6506;114;6620
81121;76;298;1;299
81122;76;81;2;83
81123;76;95;3;98
81124;76;2464;77;2541
81125;76;310;8;318
81126;76;179;8;187
81127;76;109;7;116
81128;76;1590;35;1625
81129;76;232;5;237
81130;76;1818;35;1853
81131;76;2213;41;2254
81132;76;825;12;837
81133;76;504;13;517
81134;76;58;0;58
81135;76;96;0;96
81136;76;153;3;156
81137;76;87;1;88
81138;76;550;9;559
81139;76;1731;51;1782
81140;76;10879;426;11305
81141;76;149;5;154
81142;76;889;14;903
81143;76;731;13;744
81144;76;4574;91;4665
81145;76;4676;84;4760
81146;76;230;5;235
81147;76;1139;14;1153
81148;76;75;6;81
81149;76;421;15;436
81150;76;424;13;437
81151;76;128;6;134
81152;76;319;3;322
81154;76;76;1;77
81156;76;3395;79;3474
81157;76;312;11;323
81158;76;265;6;271
81159;76;405;18;423
81160;76;372;8;380
81161;76;108;1;109
81162;76;162;2;164
81163;76;9996;422;10418
81164;76;509;12;521
81165;76;247;3;250
81166;76;91;3;94
81167;76;105;1;106
81168;76;1046;22;1068
81169;76;98;1;99
81170;76;1358;13;1371
81171;76;1513;32;1545
81172;76;59;0;59
81173;76;319;7;326
81174;76;623;6;629
81175;76;441;5;446
81176;76;104;5;109
81177;76;493;6;499
81178;76;367;13;380
81179;76;280;8;288
81180;76;249;9;258
81181;76;190;4;194
81182;76;1987;42;2029
81183;76;188;6;194
81184;76;35;0;35
81185;76;237;3;240
81186;76;262;5;267
81187;76;211;3;214
81188;76;316;3;319
81189;76;126;2;128
81190;76;534;9;543
81191;76;236;1;237
81192;76;862;12;874
81193;76;338;4;342
81195;76;691;23;714
81196;76;850;21;871
81197;76;213;4;217
81198;76;329;4;333
81199;76;189;3;192
81200;76;433;52;485
81201;76;840;20;860
81202;76;960;18;978
81203;76;559;8;567
81204;76;2170;37;2207
81205;76;193;9;202
81206;76;586;19;605
81207;76;78;29;107
81208;76;594;11;605
81209;76;2775;79;2854
81210;76;261;7;268
81211;76;495;10;505
81212;76;125;4;129
81213;76;89;2;91
81214;76;101;1;102
81215;76;638;9;647
81216;76;213;3;216
81217;76;452;11;463
81218;76;3510;80;3590
81219;76;3160;72;3232
81220;76;5713;146;5859
81221;76;236;1;237
81222;76;3480;58;3538
81223;76;54;0;54
81224;76;101;0;101
81225;76;1064;30;1094
81227;76;2187;46;2233
81228;76;458;10;468
81229;76;131;4;135
81230;76;731;14;745
81231;76;378;7;385
81232;76;626;13;639
81233;76;1717;27;1744
81234;76;86;3;89
81235;76;723;28;751
81236;76;254;8;262
81237;76;186;3;189
81238;76;1527;123;1650
81239;76;877;12;889
81240;76;101;4;105
81242;76;260;3;263
81243;76;133;2;135
81244;76;2094;34;2128
81245;76;124;6;130
81246;76;111;2;113
81247;76;208;3;211
81248;76;889;20;909
81249;76;925;13;938
81250;76;281;9;290
81251;76;932;18;950
81252;76;145;1;146
81253;76;456;7;463
81254;76;376;5;381
81255;76;532;12;544
81256;76;76;1;77
81257;76;6694;103;6797
81258;76;439;16;455
81259;76;223;1;224
81261;76;1121;18;1139
81262;76;213;2;215
81263;76;390;11;401
81264;76;90;2;92
81265;76;77;1;78
81266;76;1084;28;1112
81267;76;618;12;630
81268;76;75;4;79
81269;76;510;8;518
81270;76;167;3;170
81271;76;9336;268;9604
81272;76;217;1;218
81273;76;3602;72;3674
81274;76;836;18;854
81275;76;195;2;197
81276;76;1223;19;1242
81277;76;596;9;605
81278;76;161;2;163
81279;76;261;8;269
81280;76;262;7;269
81281;76;2008;55;2063
81282;76;34;0;34
81283;76;1115;33;1148
81284;76;1917;29;1946
81285;76;487;2;489
81286;76;612;20;632
81287;76;264;2;266
81288;76;2903;64;2967
81289;76;2622;41;2663
81290;76;165;2;167
81291;76;504;6;510
81292;76;531;18;549
81293;76;356;3;359
81294;76;1002;18;1020
81295;76;441;6;447
81297;76;1229;29;1258
81298;76;483;13;496
81299;76;382;16;398
81300;76;98;2;100
81302;76;52;1;53
81303;76;410;4;414
81304;76;184;4;188
81305;76;738;19;757
81306;76;840;23;863
81307;76;857;18;875
81308;76;1299;27;1326
81309;76;303;15;318
81310;76;163;4;167
81311;76;759;20;779
81312;76;1009;173;1182
81313;76;229;6;235
81314;76;531;39;570
81315;76;1421;48;1469
81316;76;226;3;229
81317;76;1248;30;1278
81318;76;141;2;143
81319;76;493;14;507
81320;76;149;5;154
81321;76;89;1;90
81322;76;245;6;251
81323;76;360;6;366
81324;76;226;5;231
81325;76;1968;39;2007
81326;76;386;13;399
82001;76;627;18;645
82002;76;3294;58;3352
82003;76;249;5;254
82004;76;135;0;135
82005;76;1504;20;1524
82006;76;84;2;86
82007;76;144;1;145
82008;76;914;42;956
82009;76;40;2;42
82010;76;260;5;265
82011;76;941;14;955
82012;76;564;8;572
82013;76;3773;174;3947
82014;76;257;6;263
82015;76;149;4;153
82016;76;215;2;217
82017;76;1487;25;1512
82018;76;1148;30;1178
82019;76;751;17;768
82020;76;594;14;608
82021;76;193;3;196
82022;76;382;10;392
82023;76;959;11;970
82024;76;248;3;251
82025;76;3697;104;3801
82026;76;600;9;609
82027;76;1405;23;1428
82028;76;793;11;804
82029;76;281;3;284
82030;76;491;4;495
82031;76;1222;17;1239
82032;76;542;13;555
82033;76;14114;323;14437
82034;76;108;3;111
82035;76;335;9;344
82036;76;135;2;137
82037;76;6808;202;7010
82038;76;1473;28;1501
82039;76;555;22;577
82040;76;280;9;289
82041;76;233;3;236
82042;76;1192;21;1213
82043;76;269;10;279
82044;76;1647;50;1697
82045;76;354;6;360
82046;76;114;0;114
82047;76;51;0;51
82048;76;1650;14;1664
82049;76;1034;13;1047
82050;76;1208;24;1232
82051;76;841;90;931
82052;76;1114;106;1220
82053;76;288;3;291
82054;76;382;7;389
82055;76;255;8;263
82056;76;173;4;177
82057;76;658;15;673
82058;76;100;2;102
82059;76;290;10;300
82060;76;194;4;198
82061;76;142;2;144
82062;76;1546;19;1565
82063;76;679;13;692
82064;76;121;0;121
82065;76;409;10;419
82066;76;609;13;622
82067;76;107;1;108
82068;76;240;6;246
82069;76;202;6;208
82070;76;73;2;75
82071;76;37;2;39
82072;76;1014;27;1041
82073;76;937;31;968
82074;76;133;5;138
82075;76;4177;56;4233
82076;76;1587;35;1622
82077;76;400;5;405
82078;76;128;0;128
82079;76;3783;80;3863
82080;76;1143;27;1170
82081;76;194;2;196
82082;76;196;5;201
82083;76;118;1;119
82084;76;168;5;173
82085;76;1239;11;1250
82086;76;221;3;224
82087;76;2835;65;2900
82088;76;604;13;617
82089;76;1167;18;1185
82090;76;1052;28;1080
82091;76;126;3;129
82092;76;284;4;288
82093;76;693;8;701
82094;76;1454;17;1471
82095;76;217;13;230
82096;76;3148;44;3192
82097;76;1619;18;1637
82098;76;1269;28;1297
82099;76;529;7;536
82100;76;132;7;139
82101;76;1199;17;1216
82102;76;294;4;298
82103;76;107;6;113
82104;76;186;5;191
82105;76;1342;18;1360
82106;76;137;1;138
82107;76;46;1;47
82108;76;1360;29;1389
82109;76;201;13;214
82110;76;1037;18;1055
82111;76;316;9;325
82112;76;13378;319;13697
82113;76;1182;25;1207
82114;76;645;7;652
82115;76;2004;18;2022
82116;76;194;4;198
82117;76;1302;25;1327
82118;76;100;1;101
82119;76;654;18;672
82120;76;295;5;300
82121;76;61372;1460;62832
82122;76;183;3;186
82123;76;1474;22;1496
82124;76;4241;87;4328
82125;76;6589;127;6716
82126;76;1359;102;1461
82127;76;758;19;777
82128;76;106;3;109
82129;76;145;4;149
82130;76;166;1;167
82131;76;1590;41;1631
82132;76;1186;27;1213
82133;76;93;1;94
82134;76;5685;81;5766
82135;76;1340;18;1358
82136;76;1754;34;1788
82137;76;570;11;581
82138;76;162;2;164
82139;76;121;3;124
82140;76;444;3;447
82141;76;546;4;550
82142;76;1544;20;1564
82143;76;85;0;85
82144;76;746;11;757
82145;76;379;8;387
82146;76;60;2;62
82147;76;331;8;339
82148;76;694;25;719
82149;76;1879;32;1911
82150;76;862;24;886
82151;76;401;9;410
82152;76;398;11;409
82153;76;226;1;227
82154;76;212;5;217
82155;76;1851;46;1897
82156;76;148;3;151
82157;76;96;2;98
82158;76;147;6;153
82159;76;557;17;574
82160;76;264;8;272
82161;76;3901;78;3979
82162;76;261;7;268
82163;76;49;0;49
82164;76;126;3;129
82165;76;531;4;535
82166;76;276;3;279
82167;76;1875;41;1916
82168;76;323;3;326
82169;76;2296;30;2326
82170;76;566;18;584
82171;76;1414;24;1438
82172;76;278;8;286
82173;76;1155;14;1169
82174;76;285;2;287
82175;76;277;4;281
82176;76;856;13;869
82177;76;160;3;163
82178;76;811;17;828
82179;76;2238;50;2288
82180;76;526;8;534
82181;76;207;4;211
82182;76;339;3;342
82183;76;238;10;248
82184;76;896;10;906
82185;76;248;6;254
82186;76;5205;153;5358
82187;76;654;13;667
82188;76;632;14;646
82189;76;743;14;757
82190;76;4808;67;4875
82191;76;416;3;419
82192;76;522;14;536
82193;76;137;3;140
82194;76;1368;35;1403
82195;76;779;13;792
83001;93;2784;74;2858
83002;93;270;5;275
83003;93;913;24;937
83004;93;7066;174;7240
83005;93;288;6;294
83006;93;283;8;291
83007;93;2284;37;2321
83008;93;2862;59;2921
83009;93;8403;145;8548
83010;93;225;1;226
83011;93;1334;21;1355
83012;93;2990;39;3029
83013;93;208;1;209
83014;93;235;9;244
83015;93;321;4;325
83016;93;9845;175;10020
83017;93;2423;30;2453
83018;93;3038;44;3082
83019;93;8162;117;8279
83020;93;41;1;42
83021;93;2629;52;2681
83022;93;25;0;25
83023;93;17361;345;17706
83025;93;1419;22;1441
83026;93;1951;36;1987
83027;93;5574;98;5672
83028;93;1948;39;1987
83029;93;3341;61;3402
83030;93;1897;47;1944
83031;93;4279;59;4338
83032;93;3380;81;3461
83033;93;3525;36;3561
83034;93;9518;163;9681
83035;93;3873;42;3915
83036;93;7586;86;7672
83037;93;1483;55;1538
83038;93;477;15;492
83039;93;147;14;161
83040;93;79;1;80
83041;93;720;12;732
83042;93;11311;238;11549
83043;93;1874;89;1963
83044;93;328;5;333
83045;93;906;8;914
83046;93;2111;39;2150
83047;93;18774;428;19202
83048;93;3779;96;3875
83049;93;11962;139;12101
83050;93;39433;911;40344
83051;93;1118;23;1141
83052;93;371;5;376
83053;93;2416;51;2467
83054;93;9614;118;9732
83055;93;5735;85;5820
83056;93;2623;53;2676
83057;93;3564;67;3631
83058;93;4247;104;4351
83059;93;3101;47;3148
83060;93;458;4;462
83061;93;54458;843;55301
83062;93;25505;313;25818
83063;93;1847;42;1889
83064;93;5303;99;5402
83065;93;2614;55;2669
83066;93;1874;35;1909
83067;93;4329;60;4389
83068;93;4562;60;4622
83069;93;54821;977;55798
83070;93;5985;60;6045
83071;93;10641;135;10776
83072;93;9054;292;9346
83073;93;11094;112;11206
83074;93;204;5;209
83075;93;631;8;639
83076;93;868;13;881
83077;93;2226;20;2246
83078;93;290;7;297
83079;93;1461;25;1486
83080;93;806;15;821
83081;93;6548;132;6680
83082;93;1527;22;1549
83083;93;1420;26;1446
83084;93;533;3;536
83085;93;2804;52;2856
83086;93;9288;249;9537
83087;93;4835;85;4920
83088;93;2828;68;2896
83089;93;650;23;673
83090;93;13866;253;14119
83091;93;6068;105;6173
83092;93;4588;47;4635
83093;93;2187;27;2214
83094;93;3048;52;3100
83095;93;737;18;755
83096;93;1574;22;1596
83097;93;5181;91;5272
83098;93;10277;149;10426
83099;93;8062;108;8170
83100;93;4357;51;4408
83101;93;2115;48;2163
83102;93;2642;16;2658
83103;93;3962;59;4021
83104;93;4278;85;4363
83105;93;49;0;49
83106;93;5250;68;5318
83107;93;14937;191;15128
83108;93;2203;41;2244
83109;93;256;0;256
83110;93;1662;30;1692
83111;93;2048;25;2073
83112;93;11484;241;11725
83113;93;2402;41;2443
83114;93;247;4;251
83115;93;14448;224;14672
83116;93;17095;497;17592
83117;93;1757;42;1799
83118;93;36027;601;36628
83119;93;3851;71;3922
83120;93;6051;83;6134
83121;93;3761;77;3838
83122;93;226;4;230
83123;93;16889;271;17160
83124;93;2669;33;2702
83125;93;2492;38;2530
83126;93;62987;762;63749
83127;93;2927;44;2971
83128;93;745;55;800
83129;93;34592;562;35154
83130;93;11762;184;11946
83131;93;5753;108;5861
83132;93;2526;46;2572
83133;93;1671;33;1704
83134;93;1784;33;1817
83135;93;1405;16;1421
83136;93;2552;47;2599
83137;93;178745;1896;180641
83138;93;2877;51;2928
83139;93;585;15;600
83140;93;5042;71;5113
83141;93;5947;134;6081
83142;93;203;5;208
83143;93;4292;95;4387
83144;93;24087;259;24346
83145;93;1176;15;1191
83146;93;1603;13;1616
83147;93;9;0;9
83148;93;12616;144;12760
83149;93;1466;28;1494
83150;93;4248;88;4336
83151;93;963;15;978
83152;93;667;13;680
83153;93;6095;68;6163
83154;93;722;14;736
84001;93;2851;46;2897
84002;93;1046;25;1071
84003;93;11037;221;11258
84004;93;5778;94;5872
84005;93;193;2;195
84006;93;70;4;74
84007;93;91143;1678;92821
84008;93;639;50;689
84009;93;1614;95;1709
84010;93;873;22;895
84011;93;355;9;364
84012;93;2389;48;2437
84013;93;280;4;284
84014;93;1134;16;1150
84015;93;296;5;301
84016;93;5316;76;5392
84017;93;3093;68;3161
84018;93;518;8;526
84019;93;13439;232;13671
84020;93;1206;23;1229
84021;93;90;3;93
84022;93;277;12;289
84023;93;87;3;90
84024;93;957;14;971
84025;93;1835;37;1872
84026;93;4201;77;4278
84027;93;2651;47;2698
84028;93;1084;20;1104
84029;93;4542;111;4653
84030;93;3399;58;3457
84031;93;29236;713;29949
84032;93;493;8;501
84033;93;120;0;120
84034;93;4914;99;5013
84035;93;26236;412;26648
84036;93;3321;75;3396
84037;93;2055;30;2085
84038;93;4290;75;4365
84039;93;6026;76;6102
84040;93;416;16;432
84041;93;475;20;495
84042;93;1771;32;1803
84043;93;8595;123;8718
84044;93;1134;33;1167
84045;93;450;8;458
84046;93;478;14;492
84047;93;3078;49;3127
84048;93;71;1;72
84049;93;434;10;444
84050;93;1670;34;1704
84051;93;1100;27;1127
84052;93;1226;29;1255
84053;93;1749;31;1780
84054;93;20042;493;20535
84055;93;1550;37;1587
84056;93;5469;63;5532
84057;93;347;5;352
84058;93;423;7;430
84059;93;121;1;122
84060;93;32;1;33
84061;93;327;13;340
84062;93;1641;33;1674
84063;93;395;1;396
84064;93;3830;79;3909
84065;93;3879;69;3948
84066;93;291;4;295
84067;93;2520;55;2575
84068;93;1040;22;1062
84069;93;2785;60;2845
84070;93;1887;24;1911
84071;93;1920;48;1968
84072;93;6201;158;6359
84073;93;1002;17;1019
84074;93;2189;37;2226
84075;93;442;8;450
84076;93;1344;39;1383
84077;93;465;7;472
84078;93;3736;63;3799
84079;93;282;5;287
84080;93;12935;226;13161
84081;93;8786;130;8916
84082;93;1864;49;1913
84083;93;2438;47;2485
84084;93;1371;41;1412
84085;93;418;6;424
84086;93;1295;27;1322
84087;93;28772;665;29437
84088;93;10170;287;10457
84089;93;20557;309;20866
84090;93;673;15;688
84091;93;5394;95;5489
84092;93;17041;136;17177
84093;93;819;21;840
84094;93;580;12;592
84095;93;830;14;844
84096;93;803;20;823
84097;93;537;81;618
84098;93;634;9;643
84099;93;4631;75;4706
84100;93;52;0;52
84101;93;416;13;429
84102;93;1289;31;1320
84103;93;661;20;681
84104;93;1349;32;1381
84105;93;929;22;951
84106;93;2591;53;2644
84107;93;1401;20;1421
84108;93;1996;41;2037
84109;93;167;9;176
84110;93;33;0;33
84111;93;327;11;338
84112;93;728;6;734
84113;93;815;17;832
84114;93;189;3;192
84115;93;509;12;521
84116;93;783;21;804
84117;93;330;7;337
84118;93;2877;71;2948
84119;93;4935;113;5048
84120;93;118;1;119
84121;93;265;0;265
84122;93;6128;78;6206
84123;93;1361;23;1384
84124;93;946;16;962
84125;93;61;0;61
84126;93;856;23;879
84127;93;2853;81;2934
84128;93;46;1;47
84129;93;18893;234;19127
84130;93;113;3;116
84131;93;1921;40;1961
84132;93;8940;177;9117
84133;93;4334;138;4472
84134;93;711;13;724
84135;93;1666;51;1717
84136;93;1240;31;1271
84137;93;5908;129;6037
84138;93;9403;230;9633
84139;93;579;16;595
84140;93;558;19;577
84141;93;11383;368;11751
84142;93;2976;54;3030
84143;93;1013;18;1031
84144;93;641;18;659
84145;93;781;14;795
84146;93;489;14;503
84147;93;3356;86;3442
84148;93;1284;34;1318
84149;93;1710;33;1743
84150;93;1956;57;2013
84151;93;164;5;169
85001;52;2061;35;2096
85002;52;2024;24;2048
85003;52;9881;198;10079
85004;52;2878;34;2912
85005;52;1054;21;1075
85006;52;1854;13;1867
85008;52;6880;104;6984
85009;52;1165;24;1189
85010;52;1423;20;1443
85011;52;1723;52;1775
85012;52;2179;48;2227
85013;52;1460;28;1488
85014;52;1149;27;1176
85015;52;1514;21;1535
85016;52;2252;30;2282
85017;52;2442;49;2491
85018;52;3880;60;3940
85019;52;6095;123;6218
85020;52;4014;75;4089
85021;52;1868;35;1903
85022;52;1239;18;1257
85023;52;439;9;448
85024;52;2048;34;2082
85025;52;2272;52;2324
85026;52;1417;18;1435
85028;52;595;8;603
85029;52;2156;36;2192
85031;52;3227;43;3270
85033;52;731;19;750
85034;52;3403;101;3504
85035;52;5066;89;5155
85036;52;573;11;584
85037;52;590;16;606
85038;52;2816;44;2860
85039;52;4028;61;4089
85040;52;1128;24;1152
85041;52;296;12;308
85042;52;1883;24;1907
85045;52;1083;14;1097
85046;52;3799;58;3857
85047;52;21322;773;22095
85049;52;1783;16;1799
85050;52;1857;22;1879
85051;52;8394;471;8865
85053;52;260;3;263
85054;52;900;7;907
85055;52;935;18;953
85056;52;391;9;400
85058;52;735;20;755
85059;52;2586;36;2622
85061;52;1506;33;1539
85062;52;1114;20;1134
85064;52;2469;33;2502
85065;52;3552;101;3653
85066;52;834;17;851
85067;52;994;21;1015
85070;52;3285;37;3322
85071;52;3605;57;3662
85072;52;1018;11;1029
85073;52;1014;16;1030
85074;52;224;3;227
85076;52;3563;90;3653
85077;52;538;8;546
85078;52;741;17;758
85080;52;1731;33;1764
85081;52;4344;114;4458
85082;52;2914;57;2971
85083;52;1633;40;1673
85084;52;9174;166;9340
85086;52;1637;15;1652
85087;52;198;4;202
85088;52;4854;136;4990
85089;52;5315;157;5472
85090;52;6423;255;6678
85092;52;13235;724;13959
85093;52;1224;22;1246
85094;52;1157;30;1187
85095;52;1942;21;1963
85096;52;5114;100;5214
85097;52;3111;67;3178
85098;52;1982;37;2019
85099;52;1097;23;1120
85100;52;2230;52;2282
85101;52;489;5;494
85102;52;692;9;701
85103;52;2229;31;2260
85104;52;895;11;906
85105;52;529;13;542
85106;52;1320;35;1355
85108;52;3297;110;3407
85109;52;16250;485;16735
85110;52;924;14;938
85111;52;1501;23;1524
85112;52;2783;59;2842
85113;52;4850;138;4988
85114;52;2665;31;2696
85115;52;600;11;611
85116;52;461;6;467
85117;52;621;19;640
85118;52;2363;50;2413
85119;52;2403;42;2445
85120;52;1449;36;1485
85121;52;993;31;1024
85123;52;280;4;284
85125;52;400;4;404
85126;52;1341;50;1391
85127;52;2405;26;2431
85128;52;9554;386;9940
85129;52;3522;72;3594
85130;52;1589;20;1609
85131;52;1486;40;1526
85132;52;749;13;762
85133;52;921;23;944
85134;52;243;10;253
85135;52;2792;122;2914
85136;52;123;1;124
85137;52;480;14;494
85138;52;1171;12;1183
85139;52;445;14;459
85140;52;1502;43;1545
85141;52;675;13;688
85142;52;1014;23;1037
85143;52;1047;20;1067
85144;52;1504;27;1531
85145;52;957;17;974
85146;52;20424;634;21058
85147;52;1641;50;1691
85148;52;814;23;837
85149;52;413;5;418
85151;52;6059;168;6227
85152;52;5271;108;5379
85153;52;2922;46;2968
85154;52;1806;92;1898
85155;52;4971;123;5094
85156;52;2212;34;2246
85157;52;761;12;773
85158;52;1194;27;1221
85159;52;2310;47;2357
85160;52;2912;45;2957
85161;52;2549;26;2575
85162;52;2094;51;2145
85163;52;4550;106;4656
85164;52;2149;47;2196
85167;52;787;17;804
85169;52;1106;17;1123
85171;52;608;23;631
85172;52;2056;34;2090
85174;52;687;18;705
85175;52;660;3;663
85176;52;1160;36;1196
85177;52;1383;22;1405
85178;52;8596;220;8816
85179;52;1158;11;1169
85181;52;644;17;661
85182;52;5557;204;5761
85184;52;321;7;328
85185;52;657;6;663
85186;52;999;15;1014
85187;52;862;15;877
85188;52;1097;22;1119
85189;52;2156;44;2200
85190;52;3400;47;3447
85191;52;55147;2956;58103
85192;52;988;9;997
85193;52;645;17;662
85194;52;45030;1433;46463
85196;52;1892;16;1908
85197;52;3761;58;3819
85198;52;1344;18;1362
85199;52;542;6;548
85200;52;1082;21;1103
85201;52;493;6;499
85202;52;1597;114;1711
85204;52;2586;43;2629
85205;52;528;8;536
85206;52;394;13;407
85207;52;389;8;397
85208;52;2376;37;2413
85209;52;642;9;651
85210;52;2135;25;2160
85211;52;2439;25;2464
85213;52;4217;171;4388
85214;52;2378;47;2425
85215;52;3814;139;3953
85216;52;2058;213;2271
85218;52;1696;15;1711
85220;52;1598;27;1625
85221;52;2697;36;2733
85222;52;7862;250;8112
85223;52;2940;62;3002
85226;52;11297;204;11501
85227;52;1921;52;1973
85229;52;585;12;597
85231;52;790;15;805
85232;52;1079;23;1102
85233;52;604;9;613
85234;52;8696;226;8922
85235;52;421;13;434
85236;52;1872;21;1893
85237;52;378;12;390
85238;52;3689;441;4130
85239;52;1124;5;1129
85240;52;1615;50;1665
85242;52;999;20;1019
85243;52;2817;49;2866
85244;52;821;58;879
85245;52;171;2;173
85246;52;2483;39;2522
85247;52;1082;18;1100
85248;52;416;12;428
85250;52;2323;35;2358
85251;52;632;18;650
85252;52;593;24;617
85254;52;1755;44;1799
85255;52;2341;80;2421
85256;52;1287;32;1319
85259;52;1328;35;1363
85260;52;826;11;837
85261;52;278;12;290
85262;52;3535;39;3574
85264;52;1331;20;1351
85265;52;940;21;961
85266;52;1662;29;1691
85267;52;934;18;952
85268;52;1459;31;1490
85269;52;419;7;426
85271;52;436;13;449
85273;52;1879;35;1914
85274;52;532;12;544
85276;52;759;13;772
85277;52;1535;25;1560
85278;52;1312;22;1334
85280;52;3171;71;3242
85281;52;987;30;1017
85282;52;912;16;928
85284;52;4259;95;4354
85285;52;740;13;753
85286;52;561;5;566
85287;52;458;8;466
85288;52;7831;185;8016
85289;52;1327;26;1353
85290;52;553;13;566
85291;52;1231;20;1251
85292;52;778;10;788
85293;52;1576;38;1614
85294;52;2904;65;2969
85295;52;3280;82;3362
85296;52;1246;24;1270
85297;52;986;15;1001
85298;52;1744;31;1775
85300;52;4628;178;4806
85301;52;1772;22;1794
85302;52;5453;130;5583
85303;52;1809;30;1839
85304;52;753;10;763
85305;52;880;49;929
85306;52;732;9;741
85307;52;665;8;673
86001;75;714;8;722
86002;75;580;20;600
86003;75;338;7;345
86004;75;347;14;361
86005;75;617;23;640
86006;75;546;19;565
86007;75;1163;32;1195
86008;75;343;6;349
86009;75;1070;17;1087
86010;75;1119;19;1138
86011;75;180;4;184
86012;75;164;8;172
86013;75;97;3;100
86014;75;1740;42;1782
86015;75;1244;26;1270
86016;75;2200;40;2240
86017;75;1104;17;1121
86018;75;321;2;323
86019;75;2958;43;3001
86020;75;253;4;257
86022;75;259;4;263
86023;75;280;6;286
86024;75;1553;24;1577
86025;75;474;5;479
86026;75;546;5;551
86027;75;1832;62;1894
86028;75;1067;18;1085
86029;75;780;24;804
86031;75;1729;20;1749
86032;75;2079;99;2178
86034;75;601;13;614
86035;75;185;6;191
86036;75;885;20;905
86037;75;507;6;513
86038;75;219;8;227
86039;75;733;9;742
86040;75;314;11;325
86041;75;10060;139;10199
86042;75;919;12;931
86044;75;548;11;559
86045;75;1351;17;1368
86046;75;1737;29;1766
86047;75;485;13;498
86048;75;1153;12;1165
86049;75;501;16;517
86050;75;843;13;856
86051;75;197;4;201
86052;75;995;20;1015
86053;75;1961;36;1997
86054;75;352;5;357
86055;75;356;12;368
86058;75;726;20;746
86059;75;581;4;585
86061;75;1128;25;1153
86062;75;4692;51;4743
86063;75;249;1;250
86064;75;613;10;623
86065;75;1045;16;1061
86066;75;31487;799;32286
86068;75;1211;17;1228
86069;75;180;4;184
86070;75;7062;114;7176
86072;75;454;9;463
86073;75;528;11;539
86074;75;915;15;930
86075;75;750;19;769
86076;75;2835;48;2883
86077;75;1209;17;1226
86078;75;2596;137;2733
86079;75;560;36;596
86080;75;493;5;498
86081;75;1438;30;1468
86082;75;4455;116;4571
86083;75;1132;13;1145
86084;75;235;5;240
86085;75;249;6;255
86086;75;954;17;971
86087;75;185;4;189
86088;75;865;24;889
86089;75;391;6;397
86090;75;216;1;217
86091;75;387;7;394
86092;75;2969;58;3027
86093;75;156;3;159
86094;75;573;12;585
86095;75;3255;50;3305
86096;75;659;9;668
86097;75;328;5;333
86098;75;141;2;143
86099;75;1054;9;1063
86100;75;3934;74;4008
86102;75;583;8;591
86103;75;1746;65;1811
86104;75;497;5;502
86105;75;369;1;370
86106;75;98;2;100
86107;75;467;8;475
86108;75;402;12;414
86109;75;220;8;228
86110;75;227;4;231
86111;75;1744;35;1779
86112;75;1165;12;1177
86113;75;2966;49;3015
86114;75;1279;23;1302
86115;75;7600;255;7855
86116;75;783;17;800
86117;75;525;7;532
86118;75;373;9;382
86119;75;302;1;303
86120;75;1217;16;1233
86121;75;1458;27;1485
86122;75;67;3;70
86123;75;3073;52;3125
86124;75;1185;19;1204
86125;75;596;13;609
86126;75;644;13;657
86127;75;465;3;468
86128;75;2457;31;2488
86129;75;527;8;535
86130;75;382;4;386
86131;75;883;24;907
86132;75;310;3;313
86133;75;3374;59;3433
86134;75;221;1;222
86135;75;573;11;584
86136;75;391;8;399
86137;75;6712;351;7063
86138;75;250;3;253
86139;75;2659;38;2697
86140;75;2294;50;2344
86141;75;674;14;688
86142;75;642;12;654
86143;75;169;5;174
86144;75;328;8;336
86145;75;1228;15;1243
86147;75;605;12;617
86148;75;712;12;724
86149;75;376;9;385
86150;75;274;7;281
86151;75;174;8;182
86152;75;583;15;598
86153;75;862;13;875
86154;75;263;4;267
86156;75;239;4;243
86157;75;5026;176;5202
86158;75;6154;117;6271
86159;75;552;14;566
86160;75;2171;34;2205
86161;75;998;19;1017
86162;75;110;1;111
86163;75;3677;61;3738
86164;75;665;5;670
86165;75;5940;459;6399
86167;75;909;7;916
86169;75;348;5;353
86170;75;367;12;379
86171;75;441;14;455
86172;75;162;4;166
86173;75;661;12;673
86174;75;5941;119;6060
86175;75;312;12;324
86176;75;123;5;128
86177;75;5359;84;5443
86178;75;2757;38;2795
86180;75;2847;52;2899
86181;75;208;5;213
86182;75;378;9;387
86183;75;1606;21;1627
86184;75;939;11;950
86186;75;952;23;975
86187;75;458;14;472
86189;75;475;6;481
86190;75;737;14;751
86191;75;248;7;255
86192;75;174;4;178
86193;75;1217;13;1230
86194;75;89212;2275;91487
86195;75;571;11;582
86196;75;234;5;239
86197;75;416;11;427
86198;75;692;9;701
86200;75;572;12;584
86201;75;212;2;214
86202;75;599;10;609
86203;75;547;11;558
86204;75;2160;56;2216
86205;75;200;3;203
86206;75;138;5;143
86207;75;1560;31;1591
86209;75;2034;32;2066
86210;75;753;20;773
86211;75;905;92;997
86213;75;2496;185;2681
86214;75;7267;247;7514
86217;75;290;12;302
86218;75;198;8;206
86220;75;313;8;321
86221;75;1205;22;1227
86222;75;4233;56;4289
86223;75;915;25;940
86224;75;1327;32;1359
86225;75;1408;29;1437
86226;75;2779;49;2828
86227;75;133;4;137
86228;75;198;3;201
86229;75;338;5;343
86230;75;174;4;178
86231;75;485;17;502
86233;75;2749;43;2792
86234;75;385;5;390
86235;75;1299;36;1335
86236;75;885;16;901
86237;75;769;20;789
86239;75;172;0;172
86241;75;391;6;397
86242;75;394;7;401
86244;75;1255;24;1279
86245;75;1795;43;1838
86246;75;826;16;842
86247;75;534;13;547
86248;75;536;16;552
86249;75;125;6;131
86250;75;290;5;295
86252;75;651;14;665
86253;75;550;11;561
86254;75;1005;11;1016
86255;75;1337;27;1364
86256;75;1187;25;1212
86257;75;373;5;378
86258;75;2242;31;2273
86260;75;311;1;312
86261;75;2236;77;2313
86262;75;593;15;608
86263;75;2892;44;2936
86264;75;753;17;770
86265;75;428;7;435
86266;75;142;2;144
86268;75;1118;17;1135
86269;75;191;3;194
86270;75;151;3;154
86271;75;814;14;828
86272;75;2858;151;3009
86273;75;859;23;882
86274;75;1097;24;1121
86275;75;601;9;610
86276;75;1251;22;1273
86279;75;532;6;538
86280;75;358;5;363
86281;75;5578;88;5666
86284;75;714;21;735
86285;75;969;25;994
86286;75;389;4;393
86287;75;357;6;363
86288;75;607;7;614
86289;75;676;30;706
86290;75;1555;35;1590
86291;75;102;7;109
86292;75;920;18;938
86293;75;4409;75;4484
86294;75;3683;73;3756
86295;75;391;5;396
86296;75;471;7;478
86297;75;6060;142;6202
86298;75;2264;31;2295
86299;75;575;9;584
86300;75;602;5;607
87001;75;5804;78;5882
87002;75;5593;74;5667
87003;75;936;26;962
87004;75;109;2;111
87005;75;1008;20;1028
87006;75;246;1;247
87007;75;196;3;199
87008;75;147;0;147
87009;75;142;5;147
87011;75;3639;127;3766
87012;75;437;5;442
87013;75;651;16;667
87014;75;2803;57;2860
87015;75;702;73;775
87016;75;282;6;288
87017;75;499;11;510
87018;75;696;24;720
87019;75;2926;63;2989
87020;75;1651;27;1678
87021;75;2616;34;2650
87022;75;120;1;121
87023;75;188;4;192
87024;75;814;9;823
87025;75;848;12;860
87027;75;1282;16;1298
87028;75;1646;22;1668
87029;75;629;11;640
87030;75;1257;23;1280
87031;75;310;4;314
87032;75;1640;29;1669
87033;75;791;9;800
87034;75;566;8;574
87035;75;530;9;539
87036;75;669;11;680
87037;75;262;2;264
87038;75;2102;18;2120
87039;75;800;13;813
87040;75;1523;20;1543
87041;75;2042;21;2063
87042;75;388;6;394
87043;75;204;2;206
87044;75;323;6;329
87045;75;1002;13;1015
87046;75;1188;9;1197
87047;75;1854;16;1870
87048;75;5128;73;5201
87049;75;1317;34;1351
87050;75;9518;161;9679
87051;75;624;12;636
87052;75;180;1;181
87053;75;244;2;246
87054;75;1192;18;1210
87056;75;275;3;278
87057;75;369;5;374
87058;75;107;3;110
87059;75;1586;64;1650
87060;75;671;9;680
87061;75;346;5;351
87062;75;457;8;465
87063;75;1316;22;1338
87064;75;2077;24;2101
87065;75;6118;78;6196
87066;75;1075;11;1086
87067;75;466;9;475
87068;75;517;16;533
87069;75;140;1;141
87070;75;975;17;992
87071;75;780;18;798
87072;75;507;10;517
87073;75;388;9;397
87074;75;246;2;248
87075;75;7847;151;7998
87076;75;235;3;238
87077;75;527;9;536
87078;75;695;5;700
87079;75;839;12;851
87080;75;179;3;182
87081;75;1106;14;1120
87082;75;1165;12;1177
87083;75;543;7;550
87084;75;165;4;169
87085;75;130876;2260;133136
87086;75;1030;16;1046
87087;75;488;3;491
87088;75;1106;20;1126
87089;75;1711;168;1879
87090;75;265;5;270
87091;75;384;7;391
87092;75;500;6;506
87093;75;281;3;284
87094;75;527;5;532
87095;75;733;13;746
87096;75;847;20;867
87097;75;1025;12;1037
87099;75;337;16;353
87100;75;268;2;270
87101;75;119;1;120
87103;75;1614;25;1639
87104;75;456;4;460
87105;75;923;17;940
87106;75;2509;45;2554
87107;75;1635;18;1653
87108;75;461;5;466
87109;75;329;34;363
87110;75;2477;22;2499
87111;75;1490;20;1510
87112;75;576;13;589
87113;75;6023;64;6087
87114;75;10900;212;11112
87115;75;173;2;175
87116;75;1044;24;1068
87117;75;1027;16;1043
87118;75;1278;13;1291
87119;75;1161;11;1172
87120;75;504;11;515
87121;75;488;11;499
87122;75;1173;13;1186
87123;75;149;4;153
87124;75;373;2;375
87125;75;4608;65;4673
87126;75;3767;51;3818
87127;75;604;13;617
87128;75;1327;13;1340
87129;75;955;7;962
87130;75;172;0;172
87131;75;812;12;824
87132;75;110;4;114
87133;75;496;4;500
87134;75;155;3;158
87135;75;960;18;978
87137;75;129;2;131
87138;75;571;14;585
87139;75;460;8;468
87140;75;1682;17;1699
87141;75;683;10;693
87142;75;541;7;548
87143;75;2170;27;2197
87144;75;518;5;523
87145;75;237;1;238
87146;75;1159;13;1172
87147;75;47;2;49
87148;75;990;12;1002
87149;75;374;8;382
87150;75;849;14;863
87151;75;500;9;509
87152;75;1658;23;1681
87153;75;291;0;291
87154;75;11254;277;11531
87155;75;179;7;186
87156;75;2670;46;2716
87157;75;843;34;877
87158;75;1439;14;1453
87159;75;350;3;353
87160;75;495;4;499
87161;75;4385;115;4500
87162;75;204;2;206
87163;75;140;4;144
87164;75;568;10;578
87165;75;137;1;138
87166;75;930;16;946
87167;75;553;5;558
87168;75;1079;14;1093
87169;75;1052;25;1077
87170;75;351;7;358
87172;75;216;5;221
87174;75;1227;23;1250
87176;75;667;12;679
87177;75;1790;19;1809
87178;75;2888;32;2920
87179;75;241;0;241
87180;75;577;4;581
87181;75;825;17;842
87182;75;1203;17;1220
87183;75;919;10;929
87185;75;1774;29;1803
87186;75;320;4;324
87187;75;6718;432;7150
87188;75;432;3;435
87189;75;139;1;140
87190;75;870;7;877
87191;75;1989;23;2012
87192;75;1583;24;1607
87193;75;44;3;47
87194;75;347;3;350
87195;75;135;1;136
87197;75;565;9;574
87198;75;413;5;418
87199;75;734;13;747
87200;75;129;0;129
87201;75;4881;217;5098
87202;75;2112;35;2147
87203;75;1327;27;1354
87204;75;204;4;208
87205;75;2236;40;2276
87206;75;159;1;160
88001;44;58;0;58
88002;44;75;0;75
88003;44;62;1;63
88004;44;133;6;139
88005;44;203;4;207
88006;44;290;8;298
88007;44;48;1;49
88008;44;168;3;171
88009;44;3368;68;3436
88010;44;198;1;199
88011;44;1634;53;1687
88012;44;1105;13;1118
88013;44;86;0;86
88014;44;183;5;188
88015;44;206;3;209
88016;44;212;9;221
88017;44;166;6;172
88019;44;149;3;152
88020;44;188;5;193
88021;44;283;12;295
88022;44;234;6;240
88023;44;81;2;83
88024;44;114;0;114
88025;44;69;3;72
88026;44;1009;48;1057
88027;44;144;6;150
88028;44;618;95;713
88029;44;1609;126;1735
88030;44;147;0;147
88031;44;99;4;103
88032;44;1199;33;1232
88033;44;350;7;357
88035;44;145;6;151
88036;44;96;2;98
88037;44;871;27;898
88038;44;36;0;36
88039;44;331;7;338
88040;44;250;5;255
88041;44;109;8;117
88042;44;80;1;81
88043;44;110;3;113
88044;44;603;16;619
88045;44;87;0;87
88046;44;130;4;134
88047;44;148;7;155
88048;44;981;26;1007
88049;44;113;2;115
88050;44;303;5;308
88051;44;133;1;134
88052;44;97;2;99
88053;44;161;2;163
88054;44;306;10;316
88055;44;164;0;164
88056;44;96;2;98
88057;44;92;6;98
88058;44;97;5;102
88059;44;398;12;410
88060;44;32;1;33
88061;44;298;13;311
88062;44;98;2;100
88063;44;136;4;140
88064;44;108;1;109
88065;44;288;5;293
88066;44;68;4;72
88068;44;899;20;919
88069;44;136;6;142
88070;44;174;1;175
88071;44;52;1;53
88073;44;213;4;217
88074;44;60;0;60
88075;44;4143;150;4293
88076;44;433;10;443
88077;44;566;14;580
88078;44;3073;54;3127
88079;44;1539;103;1642
88080;44;306;2;308
88081;44;1349;23;1372
88082;44;784;17;801
88083;44;211;10;221
88084;44;466;9;475
88085;44;187;2;189
88086;44;518;24;542
88087;44;3197;95;3292
88088;44;672;8;680
88089;44;562;14;576
88090;44;4690;55;4745
88091;44;387;9;396
88092;44;587;8;595
88093;44;43;2;45
88094;44;1708;50;1758
88095;44;1702;44;1746
88096;44;112;8;120
88097;44;43;1;44
88098;44;901;25;926
88099;44;1367;22;1389
88100;44;46;2;48
88101;44;1236;24;1260
88102;44;95;1;96
88103;44;87;2;89
88104;44;185;10;195
88105;44;213;4;217
88106;44;946;29;975
88107;44;34;0;34
88108;44;508;19;527
88109;44;646;13;659
88110;44;219;5;224
88111;44;355;4;359
88113;44;134;1;135
88114;44;3190;224;3414
88115;44;1500;14;1514
88116;44;3111;71;3182
88117;44;78;1;79
88118;44;713;20;733
88119;44;174;2;176
88120;44;486;9;495
88121;44;271;6;277
88122;44;364;7;371
88123;44;252;5;257
88124;44;1076;53;1129
88125;44;66;1;67
88126;44;1380;31;1411
88127;44;59;2;61
88128;44;249;5;254
88129;44;114;3;117
88130;44;248;4;252
88131;44;307;14;321
88132;44;1361;38;1399
88133;44;199;9;208
88134;44;624;14;638
88135;44;864;17;881
88136;44;1484;27;1511
88137;44;100;0;100
88138;44;79;2;81
88139;44;120;1;121
88140;44;368;14;382
88141;44;239;3;242
88142;44;406;8;414
88143;44;265;14;279
88144;44;56;0;56
88145;44;216;2;218
88146;44;175;2;177
88147;44;382;5;387
88148;44;1882;51;1933
88149;44;54;0;54
88150;44;294;6;300
88151;44;1108;28;1136
88152;44;249;14;263
88153;44;346;8;354
88154;44;91;2;93
88155;44;101;8;109
88156;44;132;2;134
88157;44;856;18;874
88158;44;3122;60;3182
88159;44;497;8;505
88160;44;32256;1450;33706
88161;44;434;12;446
88162;44;193;5;198
88163;44;745;9;754
88164;44;94;1;95
88165;44;2610;53;2663
88166;44;356;3;359
88167;44;233;5;238
88168;44;136;2;138
88169;44;215;6;221
88170;44;725;17;742
88171;44;47;1;48
88172;44;227;4;231
88173;44;462;12;474
88174;44;151;4;155
88175;44;458;20;478
88176;44;508;35;543
88177;44;520;11;531
88178;44;1833;69;1902
88179;44;44;3;47
88180;44;126;2;128
88181;44;2841;46;2887
88182;44;195;9;204
88183;44;335;7;342
88184;44;440;11;451
88185;44;109;4;113
88186;44;46;0;46
88187;44;54;1;55
88188;44;1726;48;1774
88189;44;135;4;139
88190;44;521;6;527
88192;44;105;1;106
88193;44;145;1;146
88194;44;140;12;152
88195;44;105;3;108
88196;44;7807;624;8431
88197;44;352;11;363
88198;44;601;12;613
88199;44;78;3;81
88200;44;53;1;54
88201;44;900;14;914
88202;44;191;3;194
88203;44;351;11;362
88205;44;254;17;271
88206;44;889;17;906
88208;44;115;4;119
88209;44;8798;123;8921
88210;44;173;6;179
88212;44;351;10;361
88213;44;135;0;135
88214;44;76;4;80
88215;44;77;2;79
88216;44;744;11;755
88218;44;2613;56;2669
88219;44;149;6;155
88220;44;46;1;47
88221;44;237;11;248
88222;44;253;19;272
88223;44;164;7;171
88224;44;388;12;400
88225;44;2359;105;2464
88226;44;126;3;129
88227;44;86;1;87
88228;44;174;4;178
88229;44;73;4;77
88230;44;40;0;40
88231;44;477;18;495
88232;44;219;4;223
88233;44;628;52;680
88236;44;125;0;125
88237;44;370;7;377
88238;44;393;12;405
88239;44;135;3;138
88240;44;279;2;281
88241;44;441;12;453
88242;44;45;1;46
88243;44;485;7;492
88244;44;547;18;565
88245;44;319;13;332
88246;44;484;12;496
88247;44;1160;14;1174
88248;44;174;4;178
88249;44;76;3;79
88250;44;478;5;483
88251;44;1119;35;1154
88252;44;132;7;139
88253;44;683;16;699
88254;44;82;1;83
88255;44;91;3;94
88256;44;270;5;275
88257;44;179;3;182
88258;44;858;16;874
88259;44;298;9;307
88260;44;154;2;156
88261;44;626;11;637
88262;44;582;12;594
88263;44;206;6;212
88264;44;61;3;64
88265;44;30;0;30
88266;44;834;18;852
88267;44;451;16;467
88268;44;142;8;150
88269;44;297;7;304
88270;44;2124;61;2185
88271;44;307;7;314
88272;44;71;0;71
88273;44;456;11;467
88274;44;78;1;79
88275;44;239;2;241
88276;44;395;16;411
88277;44;115;3;118
88278;44;72;1;73
88279;44;50;1;51
88280;44;137;0;137
88281;44;405;12;417
88283;44;81;2;83
88284;44;581;12;593
88285;44;440;129;569
88286;44;98;0;98
88287;44;63;1;64
88288;44;7;0;7
88289;44;816;66;882
88290;44;105;2;107
88291;44;131;3;134
88292;44;806;25;831
88293;44;216;4;220
88294;44;263;3;266
88295;44;228;7;235
88296;44;74;0;74
88297;44;157;5;162
88298;44;67;0;67
88299;44;147;1;148
88300;44;131;6;137
88301;44;294;11;305
88302;44;1026;22;1048
88303;44;199;1;200
88304;44;4949;487;5436
88305;44;196;5;201
88306;44;51;0;51
88307;44;95;2;97
88308;44;302;5;307
88309;44;159;9;168
88310;44;909;18;927
88311;44;37;1;38
88312;44;197;5;202
88313;44;420;8;428
88314;44;101;4;105
88315;44;171;2;173
88316;44;48;2;50
88317;44;566;5;571
88318;44;227;5;232
88319;44;3089;64;3153
88320;44;780;39;819
88321;44;6636;284;6920
88322;44;506;12;518
88324;44;379;10;389
88325;44;183;7;190
88326;44;349;10;359
88327;44;2005;22;2027
88328;44;542;23;565
88330;44;195;2;197
88331;44;53;2;55
88332;44;215;6;221
88333;44;123;1;124
88334;44;312;5;317
88335;44;154;3;157
88336;44;73;1;74
88338;44;84;0;84
88340;44;499;11;510
88341;44;508;10;518
88342;44;164;3;167
88343;44;159;4;163
88344;44;182;5;187
88345;44;72;3;75
88346;44;742;12;754
88347;44;118;1;119
88348;44;131;2;133
88349;44;1641;26;1667
88350;44;78;3;81
88351;44;1604;34;1638
88352;44;195;5;200
88353;44;108;3;111
88354;44;185;0;185
88355;44;1239;21;1260
88356;44;272;5;277
88357;44;685;21;706
88358;44;1980;35;2015
88359;44;91;2;93
88360;44;153;5;158
88361;44;1343;115;1458
88362;44;113;1;114
88363;44;156;5;161
88364;44;146;3;149
88365;44;158;9;167
88366;44;279;12;291
88367;44;5096;135;5231
88368;44;191;4;195
88369;44;1889;135;2024
88370;44;61;1;62
88371;44;1228;18;1246
88372;44;6205;141;6346
88373;44;147;2;149
88374;44;23;0;23
88375;44;471;7;478
88376;44;278;7;285
88377;44;122;2;124
88378;44;96;2;98
88379;44;356;6;362
88380;44;209;2;211
88381;44;199;11;210
88382;44;67;1;68
88383;44;7691;301;7992
88385;44;573;10;583
88386;44;457;4;461
88387;44;217;4;221
88388;44;121;3;124
88389;44;81;0;81
88390;44;106;8;114
88391;44;686;17;703
88393;44;315;9;324
88394;44;51;0;51
88395;44;375;8;383
88398;44;85;4;89
88399;44;202;4;206
88400;44;274;12;286
88401;44;447;9;456
88402;44;370;139;509
88403;44;190;2;192
88404;44;67;1;68
88406;44;134;1;135
88407;44;141;3;144
88408;44;3529;68;3597
88409;44;2146;38;2184
88410;44;272;4;276
88411;44;78;1;79
88412;44;438;9;447
88413;44;19576;484;20060
88415;44;3847;80;3927
88416;44;135;2;137
88417;44;386;9;395
88418;44;456;4;460
88419;44;119;0;119
88421;44;109;2;111
88423;44;1351;22;1373
88424;44;2308;69;2377
88425;44;181;5;186
88426;44;1367;36;1403
88427;44;129;1;130
88428;44;1836;56;1892
88429;44;3994;257;4251
88430;44;503;13;516
88431;44;165;3;168
88432;44;153;3;156
88433;44;76;1;77
88434;44;222;4;226
88435;44;518;12;530
88436;44;72;1;73
88437;44;99;3;102
88438;44;392;7;399
88439;44;943;36;979
88440;44;168;4;172
88441;44;128;2;130
88442;44;635;9;644
88443;44;95;2;97
88444;44;326;11;337
88445;44;2328;56;2384
88446;44;250;2;252
88447;44;2517;80;2597
88448;44;178;7;185
88449;44;187;0;187
88450;44;183;1;184
88451;44;2423;35;2458
88452;44;132;0;132
88453;44;34;0;34
88454;44;231;10;241
88455;44;98;6;104
88456;44;84;3;87
88457;44;144;1;145
88458;44;277;3;280
88459;44;43;1;44
88460;44;655;13;668
88461;44;215;0;215
88462;44;1884;40;1924
88463;44;1529;42;1571
88464;44;510;7;517
88465;44;8634;214;8848
88466;44;129;5;134
88467;44;577;15;592
88468;44;3376;56;3432
88469;44;99;4;103
88470;44;1555;43;1598
88471;44;102;1;103
88472;44;117;4;121
88473;44;106;4;110
88474;44;64;0;64
88475;44;121;5;126
88476;44;119;1;120
88477;44;97;1;98
88478;44;104;1;105
88479;44;259;4;263
88480;44;167;0;167
88481;44;1340;22;1362
88482;44;56;2;58
88483;44;2296;67;2363
88484;44;1035;30;1065
88485;44;120;0;120
88486;44;3911;108;4019
88487;44;3864;99;3963
88488;44;235;5;240
88489;44;253;8;261
88490;44;178;4;182
88491;44;119;5;124
88492;44;73;2;75
88493;44;24;1;25
88494;44;121;2;123
88495;44;177;6;183
88496;44;161;3;164
88497;44;443;8;451
88498;44;858;21;879
88499;44;160;3;163
88500;44;832;14;846
88501;44;71;0;71
88502;44;133;4;137
88503;44;148;3;151
88504;44;207;4;211
88505;44;124;2;126
88506;44;314;6;320
88507;44;200;6;206
88508;44;541;11;552
88509;44;109;1;110
88510;44;154;0;154
88511;44;86;2;88
88512;44;254;3;257
88513;44;2190;26;2216
88514;44;160;7;167
88515;44;151;2;153
88516;44;4832;138;4970
88517;44;202;3;205
88518;44;37;0;37
88519;44;676;22;698
88520;44;298;9;307
88521;44;259;3;262
88522;44;71;3;74
88523;44;153;5;158
88524;44;351;4;355
88525;44;129;2;131
88526;44;419;10;429
88527;44;144;2;146
88528;44;156;3;159
88529;44;111;4;115
88530;44;2586;49;2635
88531;44;1515;50;1565
88532;44;77;4;81
89002;27;77;3;80
89003;27;2856;60;2916
89004;27;238;11;249
89005;27;853;22;875
89006;27;160;6;166
89007;27;425;12;437
89008;27;157;7;164
89009;27;349;17;366
89010;27;207;5;212
89011;27;122;10;132
89012;27;84;2;86
89013;27;3245;50;3295
89014;27;607;8;615
89015;27;472;12;484
89016;27;78;3;81
89017;27;220;2;222
89018;27;769;6;775
89019;27;151;1;152
89020;27;113;2;115
89021;27;291;13;304
89022;27;132;3;135
89023;27;1008;23;1031
89024;27;34451;1103;35554
89025;27;6462;220;6682
89027;27;205;5;210
89028;27;61;5;66
89029;27;877;20;897
89030;27;413;9;422
89031;27;632;12;644
89032;27;67;3;70
89033;27;394;11;405
89034;27;470;13;483
89035;27;443;14;457
89036;27;246;6;252
89037;27;519;18;537
89038;27;112;0;112
89039;27;76;4;80
89040;27;188;3;191
89041;27;301;15;316
89042;27;166;5;171
89043;27;100;1;101
89044;27;106;1;107
89045;27;283;7;290
89046;27;1176;17;1193
89048;27;341;7;348
89049;27;21;3;24
89050;27;859;10;869
89051;27;542;12;554
89053;27;439;10;449
89054;27;787;9;796
89055;27;3192;71;3263
89056;27;628;14;642
89057;27;303;4;307
89058;27;122;2;124
89059;27;716;11;727
89060;27;457;11;468
89061;27;251;3;254
89062;27;360;4;364
89063;27;805;19;824
89064;27;56;1;57
89065;27;39;1;40
89066;27;972;24;996
89067;27;1106;16;1122
89068;27;2205;39;2244
89069;27;531;11;542
89071;27;103;0;103
89072;27;306;3;309
89073;27;920;40;960
89074;27;2117;40;2157
89075;27;723;11;734
89076;27;787;11;798
89077;27;1571;92;1663
89079;27;659;23;682
89080;27;642;4;646
89081;27;89;0;89
89083;27;1854;47;1901
89084;27;281;5;286
89085;27;1130;23;1153
89086;27;4815;71;4886
89087;27;300;9;309
89088;27;464;12;476
89089;27;137;5;142
89091;27;597;15;612
89092;27;207;11;218
89093;27;645;11;656
89094;27;708;15;723
89095;27;140;8;148
89096;27;906;26;932
89098;27;225;6;231
89099;27;2356;38;2394
89100;27;1676;16;1692
89101;27;551;11;562
89102;27;2169;64;2233
89104;27;303;13;316
89105;27;484;17;501
89108;27;345;9;354
89111;27;301;5;306
89112;27;163;8;171
89113;27;676;17;693
89115;27;206;6;212
89116;27;359;7;366
89117;27;217;1;218
89118;27;806;19;825
89119;27;512;10;522
89120;27;129;3;132
89122;27;569;8;577
89123;27;260;8;268
89124;27;1190;20;1210
89125;27;939;20;959
89126;27;33;1;34
89127;27;784;24;808
89128;27;137;4;141
89129;27;410;9;419
89130;27;1265;29;1294
89131;27;234;4;238
89132;27;165;6;171
89133;27;351;4;355
89134;27;327;8;335
89136;27;861;29;890
89137;27;472;10;482
89139;27;1102;35;1137
89141;27;116;7;123
89142;27;918;26;944
89143;27;316;3;319
89144;27;812;14;826
89145;27;379;12;391
89146;27;86;3;89
89147;27;233;2;235
89148;27;266;4;270
89149;27;214;6;220
89150;27;449;9;458
89151;27;1346;21;1367
89152;27;742;15;757
89153;27;554;17;571
89154;27;886;24;910
89155;27;699;11;710
89156;27;394;7;401
89158;27;626;15;641
89159;27;390;10;400
89160;27;761;25;786
89161;27;195;5;200
89162;27;390;3;393
89163;27;526;9;535
89164;27;91;0;91
89165;27;107;2;109
89167;27;1112;35;1147
89168;27;175;3;178
89169;27;974;21;995
89170;27;124;2;126
89171;27;297;3;300
89172;27;503;25;528
89173;27;469;5;474
89175;27;149;6;155
89176;27;137;2;139
89177;27;72;0;72
89179;27;300;8;308
89180;27;480;10;490
89181;27;119;2;121
89182;27;171;4;175
89183;27;68;0;68
89184;27;130;2;132
89186;27;530;13;543
89187;27;88;2;90
89188;27;167;6;173
89189;27;575;19;594
89190;27;180;8;188
89191;27;46;2;48
89194;27;116;6;122
89195;27;1251;73;1324
89196;27;1755;52;1807
89197;27;748;8;756
89198;27;1699;38;1737
89199;27;454;10;464
89200;27;389;16;405
89201;27;1786;40;1826
89202;27;260;7;267
89203;27;186;6;192
89204;27;661;14;675
89205;27;579;4;583
89206;27;9557;322;9879
89207;27;25;0;25
89208;27;1153;18;1171
89209;27;512;11;523
89210;27;131;7;138
89211;27;68;0;68
89212;27;368;15;383
89214;27;194;2;196
89215;27;186;4;190
89216;27;319;10;329
89217;27;137;2;139
89218;27;1260;22;1282
89219;27;144;0;144
89220;27;459;8;467
89221;27;327;5;332
89222;27;219;6;225
89223;27;661;20;681
89224;27;156;3;159
89225;27;44;0;44
89226;27;190;5;195
89227;27;1228;27;1255
89228;27;1393;43;1436
89229;27;472;12;484
89230;27;437;18;455
89232;27;289;16;305
89233;27;200;5;205
89234;27;120;2;122
89235;27;873;22;895
89236;27;1178;31;1209
89237;27;497;9;506
89238;27;545;6;551
89239;27;1547;45;1592
89240;27;327;9;336
89242;27;805;19;824
89244;27;86;4;90
89245;27;843;19;862
89246;27;355;5;360
89247;27;237;2;239
89248;27;41;2;43
89249;27;78;1;79
89250;27;201;3;204
89251;27;371;9;380
89252;27;177;4;181
89253;27;192;1;193
89254;27;523;8;531
89255;27;1067;22;1089
89256;27;415;3;418
89257;27;7258;112;7370
89259;27;90;2;92
89261;27;275;6;281
89262;27;171;8;179
89263;27;4125;79;4204
89264;27;732;27;759
89265;27;583;20;603
89266;27;262;7;269
89267;27;177;6;183
89268;27;793;16;809
89270;27;127;2;129
89271;27;104;1;105
89272;27;293;2;295
89273;27;280;4;284
89274;27;1336;36;1372
89276;27;885;40;925
89277;27;367;10;377
89278;27;552;5;557
89279;27;589;18;607
89280;27;393;9;402
89281;27;362;2;364
89282;27;678;12;690
89283;27;599;16;615
89284;27;183;4;187
89285;27;314;3;317
89286;27;830;15;845
89287;27;4828;118;4946
89288;27;179;3;182
89289;27;283;12;295
89290;27;44;1;45
89291;27;340;10;350
89292;27;250;5;255
89295;27;1258;32;1290
89296;27;130;1;131
89297;27;112;1;113
89298;27;612;9;621
89299;27;63;2;65
89300;27;80;1;81
89302;27;205;5;210
89303;27;251;6;257
89304;27;677;17;694
89306;27;366;11;377
89307;27;749;9;758
89308;27;188;7;195
89309;27;3316;60;3376
89310;27;140;3;143
89311;27;1392;34;1426
89312;27;248;5;253
89313;27;425;16;441
89314;27;181;1;182
89315;27;153;1;154
89316;27;254;8;262
89318;27;633;20;653
89319;27;483;14;497
89320;27;63;2;65
89321;27;718;17;735
89323;27;141;4;145
89324;27;657;17;674
89325;27;91;1;92
89326;27;1090;32;1122
89327;27;395;10;405
89328;27;371;9;380
89329;27;75;1;76
89331;27;312;12;324
89332;27;953;27;980
89333;27;152;4;156
89334;27;557;7;564
89335;27;418;13;431
89336;27;283;7;290
89337;27;1021;26;1047
89338;27;2740;77;2817
89339;27;190;7;197
89341;27;448;5;453
89342;27;650;18;668
89344;27;1495;15;1510
89345;27;4240;62;4302
89346;27;3225;143;3368
89347;27;349;10;359
89348;27;2236;48;2284
89349;27;354;6;360
89350;27;261;4;265
89351;27;482;8;490
89352;27;268;7;275
89353;27;418;4;422
89354;27;1525;42;1567
89355;27;145;6;151
89359;27;417;5;422
89360;27;372;6;378
89361;27;255;2;257
89362;27;178;5;183
89363;27;107;2;109
89364;27;295;5;300
89365;27;526;15;541
89367;27;548;11;559
89368;27;892;20;912
89369;27;572;12;584
89370;27;1727;21;1748
89371;27;84;0;84
89373;27;675;10;685
89374;27;73;3;76
89375;27;84;3;87
89376;27;144;7;151
89377;27;70;0;70
89378;27;722;15;737
89379;27;151;3;154
89380;27;454;7;461
89382;27;1476;37;1513
89383;27;104;2;106
89384;27;683;24;707
89385;27;77;3;80
89386;27;115;1;116
89387;27;26688;515;27203
89388;27;519;14;533
89390;27;663;10;673
89391;27;1269;26;1295
89392;27;248;3;251
89393;27;110;2;112
89394;27;80;1;81
89395;27;409;8;417
89397;27;364;5;369
89398;27;360;4;364
89399;27;1592;45;1637
89400;27;316;5;321
89402;27;221;4;225
89403;27;88;8;96
89404;27;523;9;532
89405;27;499;6;505
89406;27;72;2;74
89407;27;935;31;966
89408;27;277;7;284
89409;27;61;1;62
89410;27;100;1;101
89411;27;1038;18;1056
89412;27;185;8;193
89413;27;36;1;37
89414;27;1417;30;1447
89415;27;200;3;203
89416;27;439;7;446
89417;27;109;2;111
89418;27;4381;165;4546
89419;27;2615;141;2756
89420;27;969;20;989
89422;27;41;2;43
89423;27;127;3;130
89424;27;134;6;140
89425;27;674;20;694
89426;27;387;12;399
89427;27;681;19;700
89428;27;564;6;570
89430;27;322;9;331
89431;27;71;1;72
89432;27;461;8;469
89433;27;274;5;279
89434;27;349;8;357
89436;27;877;15;892
89437;27;301;7;308
89438;27;1759;200;1959
89439;27;1528;24;1552
89440;27;413;5;418
89441;27;1255;25;1280
89442;27;241;7;248
89443;27;1887;62;1949
89445;27;52;2;54
89446;27;418;4;422
89447;27;156;5;161
89449;27;1815;35;1850
89450;27;627;22;649
89451;27;250;4;254
89452;27;380;13;393
89453;27;1126;30;1156
89456;27;668;8;676
89458;27;166;9;175
89459;27;318;0;318
89460;27;3515;46;3561
89461;27;1112;19;1131
89462;27;296;3;299
89463;27;254;4;258
89464;27;5165;85;5250
89465;27;321;1;322
89466;27;388;9;397
89467;27;819;14;833
89468;27;419;59;478
89469;27;949;21;970
89470;27;121;7;128
89471;27;467;15;482
89472;27;448;9;457
89474;27;275;6;281
89475;27;109;2;111
89477;27;112;2;114
89478;27;914;15;929
89479;27;292;6;298
89480;27;1594;24;1618
89481;27;107;6;113
89482;27;111;1;112
89483;27;509;18;527
89485;27;204;6;210
89486;27;154;3;157
90001;27;1171;21;1192
90002;27;356;8;364
90003;27;589;22;611
90004;27;512;15;527
90005;27;453;13;466
90006;27;286;7;293
90007;27;288;12;300
90008;27;4659;108;4767
90009;27;5010;64;5074
90010;27;46443;799;47242
90011;27;378;9;387
90012;27;1283;46;1329
90013;27;239;11;250
90014;27;488;8;496
90015;27;238;9;247
90016;27;123;2;125
90017;27;1903;26;1929
90018;27;396;7;403
90019;27;270;6;276
90020;27;275;9;284
90021;27;363;4;367
90022;27;2667;51;2718
90023;27;1164;32;1196
90024;27;141;3;144
90025;27;344;4;348
90026;27;1570;38;1608
90027;27;116;0;116
90028;27;388;7;395
90029;27;1951;53;2004
90030;27;168;3;171
90031;27;344;9;353
90032;27;3620;68;3688
90033;27;5667;86;5753
90034;27;757;26;783
90035;27;797;10;807
90036;27;270;9;279
90037;27;941;26;967
90039;27;3321;103;3424
90041;27;1430;51;1481
90042;27;2032;69;2101
90043;27;582;2;584
90044;27;239;5;244
90045;27;762;13;775
90046;27;447;6;453
90047;27;596;15;611
90048;27;122;3;125
90049;27;919;18;937
90050;27;240;7;247
90051;27;467;8;475
90052;27;2929;80;3009
90053;27;3003;61;3064
90054;27;521;10;531
90055;27;336;2;338
90056;27;1410;29;1439
90057;27;746;26;772
90058;27;580;6;586
90059;27;227;10;237
90060;27;139;3;142
90061;27;43;2;45
90062;27;284;10;294
90063;27;415;9;424
90064;27;303;4;307
90065;27;1156;21;1177
90066;27;242;1;243
90067;27;397;18;415
90068;27;1368;31;1399
90069;27;1308;24;1332
90070;27;404;9;413
90071;27;1175;21;1196
90072;27;1076;22;1098
90074;27;302;4;306
90075;27;4219;99;4318
90076;27;1176;41;1217
90077;27;299;7;306
90078;27;189;5;194
90079;27;314;6;320
90080;27;439;13;452
90081;27;776;13;789
90082;27;277;9;286
90083;27;124;0;124
90084;27;343;10;353
90085;27;95;2;97
90086;27;221;6;227
90087;27;1040;31;1071
90088;27;966;25;991
90089;27;1497;65;1562
90090;27;435;12;447
90091;27;643;23;666
90093;27;916;20;936
90094;27;702;24;726
90095;27;434;3;437
90096;27;282;8;290
90097;27;1283;32;1315
90098;27;242;11;253
90099;27;5269;239;5508
90100;27;201;12;213
90101;27;243;6;249
90102;27;719;23;742
90103;27;660;22;682
90104;27;986;23;1009
90105;27;179;5;184
91001;11;324;8;332
91016;11;4353;70;4423
91017;11;1723;26;1749
91021;11;11355;92;11447
91022;11;135;5;140
91027;11;35670;331;36001
91035;11;374;6;380
91037;11;324;1;325
91038;11;1273;22;1295
91041;11;995;7;1002
91044;11;4600;42;4642
91045;11;7593;100;7693
91047;11;1311;13;1324
91064;11;4823;112;4935
91067;11;117;4;121
91069;11;387;10;397
91075;11;80;1;81
91079;11;510;7;517
91080;11;1341;14;1355
91081;11;689;17;706
91085;11;3828;47;3875
91086;11;10046;98;10144
91093;11;648;21;669
91095;11;2113;26;2139
91097;11;7983;75;8058
91098;11;426;5;431
91099;11;2963;41;3004
91100;11;646;16;662
91103;11;27412;321;27733
91105;11;8566;120;8686
91106;11;1290;12;1302
91109;11;1260;9;1269
91111;11;3342;39;3381
91112;11;128;4;132
91114;11;25330;427;25757
91115;11;3497;43;3540
91121;11;434;7;441
91122;11;9408;220;9628
91129;11;3337;165;3502
91130;11;1026;28;1054
91131;11;404;8;412
91132;11;1133;12;1145
91135;11;2867;56;2923
91136;11;2778;18;2796
91137;11;370;6;376
91145;11;69;0;69
91148;11;137;0;137
91156;11;2226;30;2256
91159;11;1590;28;1618
91161;11;19822;128;19950
91174;11;51234;294;51528
91175;11;1718;31;1749
91179;11;4844;45;4889
91180;11;337;10;347
91184;11;276;7;283
91186;11;577;8;585
91191;11;9369;58;9427
91195;11;822;6;828
91198;11;1495;24;1519
91200;11;10452;187;10639
91201;11;28602;265;28867
91204;11;791;17;808
91207;11;6322;53;6375
91215;11;12266;83;12349
91216;11;11184;145;11329
91223;11;25629;184;25813
91225;11;3144;150;3294
91226;11;6729;92;6821
91228;11;66851;466;67317
91232;11;3659;55;3714
91235;11;13641;18;13659
91240;11;182;4;186
91243;11;2232;32;2264
91244;11;1591;26;1617
91247;11;519;7;526
91248;11;161;1;162
91249;11;3923;75;3998
91272;11;21007;595;21602
91273;11;766;18;784
91274;11;1502;24;1526
91275;11;2664;50;2714
91284;11;1177;23;1200
91286;11;28201;98;28299
91292;11;842;15;857
91293;11;903;17;920
91294;11;814;11;825
91312;11;9917;303;10220
91315;11;6522;61;6583
91318;11;1970;49;2019
91319;11;635;10;645
91326;11;17454;127;17581
91330;11;5483;102;5585
91332;11;1477;24;1501
91333;11;4378;43;4421
91338;11;6492;121;6613
91339;11;6842;51;6893
91340;11;7333;63;7396
91345;11;21269;143;21412
91347;11;6375;53;6428
91359;11;2780;40;2820
91363;11;8138;157;8295
91374;11;237;3;240
91376;11;5610;54;5664
91377;11;50644;352;50996
91378;11;289;3;292
91386;11;15292;291;15583
91390;11;3305;43;3348
91393;11;625;8;633
91399;11;227;5;232
91405;11;4635;92;4727
91408;11;1252;30;1282
91411;11;1874;49;1923
91412;11;738;15;753
91414;11;382;5;387
91421;11;23760;293;24053
91425;11;7681;223;7904
91432;11;13424;78;13502
91433;11;4346;106;4452
91434;11;20124;165;20289
91435;11;550;27;577
91441;11;503;11;514
91457;11;4331;46;4377
91458;11;4511;73;4584
91461;11;4759;58;4817
91463;11;1044;21;1065
91468;11;2158;21;2179
91469;11;911;49;960
91471;11;15503;329;15832
91473;11;168;2;170
91477;11;35236;332;35568
91479;11;7814;58;7872
91482;11;548;11;559
91494;11;4140;58;4198
91495;11;337;3;340
91507;11;289;5;294
91508;11;258;4;262
91511;11;2106;29;2135
91514;11;9426;47;9473
91519;11;393;11;404
91521;11;29745;182;29927
91525;11;1340;25;1365
91526;11;107;1;108
91533;11;1859;24;1883
91534;11;4256;57;4313
91538;11;696;20;716
91540;11;5238;79;5317
91544;11;524;9;533
91546;11;937;22;959
91547;11;506;17;523
91549;11;35830;310;36140
91552;11;10983;77;11060
91553;11;7488;97;7585
91556;11;410;9;419
91560;11;487;7;494
91568;11;1544;37;1581
91570;11;20484;147;20631
91573;11;11220;111;11331
91577;11;5797;65;5862
91578;11;278;5;283
91579;11;3059;52;3111
91581;11;902;10;912
91587;11;6416;56;6472
91589;11;36577;246;36823
91593;11;1610;38;1648
91599;11;1282;22;1304
91600;11;7213;138;7351
91602;11;441;9;450
91613;11;216;8;224
91617;11;4294;76;4370
91619;11;274;10;284
91629;11;620;12;632
91630;11;1486;32;1518
91631;11;2300;31;2331
91634;11;1355;31;1386
91635;11;2064;32;2096
91639;11;959;68;1027
91645;11;14888;360;15248
91648;11;2262;27;2289
91649;11;2818;38;2856
91654;11;595;17;612
91657;11;31394;181;31575
91659;11;5487;43;5530
91661;11;10466;165;10631
91662;11;726;22;748
91665;11;8010;65;8075
91666;11;2425;18;2443
91667;11;7058;90;7148
91671;11;604;7;611
91679;11;1212;17;1229
91685;11;4600;39;4639
91687;11;30865;214;31079
91689;11;7133;69;7202
91691;11;29318;209;29527
91692;11;25024;150;25174
92002;11;62760;775;63535
92004;11;87143;666;87809
92007;11;40936;134;41070
92009;11;28841;241;29082
92012;11;121583;1242;122825
92014;11;21050;360;21410
92019;11;34021;357;34378
92020;11;36639;295;36934
92022;11;20771;310;21081
92023;11;52925;499;53424
92024;11;63089;257;63346
92025;11;86534;586;87120
92026;11;81558;655;82213
92032;11;25531;231;25762
92033;11;17795;438;18233
92035;11;29642;247;29889
92036;11;48530;216;48746
92040;11;67981;704;68685
92044;11;66082;571;66653
92046;11;30950;201;31151
92047;11;1774;61;1835
92048;11;45818;684;46502
92049;11;48352;235;48587
92050;11;96277;640;96917
92051;11;59599;985;60584
92060;11;30061;154;30215
92062;11;45157;289;45446
92063;11;78317;1471;79788
92064;11;30012;598;30610
92071;11;20004;370;20374
92072;11;23463;389;23852
92073;11;49311;505;49816
92075;11;27846;285;28131
92076;11;8683;325;9008
92077;11;11225;302;11527
92078;11;24097;86;24183
93001;11;88948;191;89139
93005;11;86969;410;87379
93006;11;36060;106;36166
93007;11;57498;166;57664
93008;11;54363;165;54528
93010;11;54587;159;54746
93013;11;15905;43;15948
93014;11;28782;92;28874
93015;11;4921;42;4963
93027;11;45053;128;45181
93029;11;72376;282;72658
93030;11;11073;40;11113
93031;11;54611;157;54768
93032;11;39661;199;39860
93033;11;6844;61;6905
93039;11;8288;41;8329
93045;11;23447;128;23575
93046;11;45692;216;45908
93047;11;27928;130;28058
93048;11;111240;570;111810
93049;11;20878;129;21007
93050;11;35907;121;36028
93051;11;67871;385;68256
93053;11;44463;128;44591
93055;11;59846;181;60027
93057;11;23898;97;23995
93059;11;30861;47;30908
93061;11;17351;72;17423
93062;11;14569;198;14767
93063;11;30087;84;30171
93064;11;46024;174;46198
93066;11;112852;914;113766
93070;11;50697;129;50826
93071;11;51734;173;51907
93072;11;38285;76;38361
93073;11;36461;163;36624
93074;11;7181;89;7270
93077;11;30405;185;30590
93078;11;37713;83;37796
93079;11;13574;82;13656
94001;11;5852;27;5879
94002;11;44805;161;44966
94003;11;21788;122;21910
94004;11;16977;55;17032
94011;11;18062;72;18134
94015;11;17525;198;17723
94016;11;30440;274;30714
94017;11;76990;344;77334
94018;11;29882;204;30086
94019;11;18039;114;18153
94021;11;19988;69;20057
94022;11;46150;209;46359
94028;11;93246;476;93722
94033;11;52008;419;52427
94034;11;28710;112;28822
94037;11;18815;106;18921
94038;11;32071;173;32244
94041;11;63748;250;63998
94042;11;19652;155;19807
94043;11;24971;114;25085
94044;11;27833;112;27945
94046;11;56483;291;56774
94047;11;4777;48;4825
94048;11;4783;105;4888
94052;11;34042;236;34278
94053;11;4607;42;4649
94054;11;24627;178;24805
94055;11;10419;91;10510
94056;11;2688;24;2712
94058;11;33588;303;33891
94059;11;19829;78;19907
94060;11;12051;133;12184
94065;11;5657;67;5724
94067;11;22377;199;22576
94068;11;74976;912;75888
94069;11;14189;118;14307
94070;11;4014;61;4075
94071;11;27157;258;27415
94073;11;30676;234;30910
94074;11;14883;51;14934
94075;11;11779;65;11844
94076;11;55208;243;55451
94077;11;21679;96;21775
94078;11;34890;102;34992
94079;11;28895;119;29014
94080;11;49788;442;50230
94081;11;95510;459;95969
95002;11;1124;14;1138
95008;11;887;12;899
95011;11;387;3;390
95012;11;205;6;211
95014;11;2574;54;2628
95018;11;111038;557;111595
95019;11;14255;80;14335
95023;11;637;3;640
95024;11;271;5;276
95026;11;2939;39;2978
95028;11;1691;8;1699
95039;11;6813;102;6915
95040;11;857;14;871
95042;11;1899;15;1914
95046;11;148;2;150
95051;11;8687;94;8781
95052;11;9504;103;9607
95054;11;212;5;217
95055;11;477;3;480
95056;11;2203;9;2212
95058;11;2733;24;2757
95059;11;350;3;353
95060;11;7878;61;7939
95061;11;410;2;412
95063;11;31671;124;31795
95074;11;818;15;833
95078;11;1844;31;1875
95088;11;1129;2;1131
95091;11;6578;58;6636
95094;11;302;3;305
95101;11;962;12;974
95102;11;404;9;413
95110;11;212;3;215
95116;11;4347;34;4381
95119;11;322;3;325
95120;11;2276;24;2300
95127;11;65911;518;66429
95134;11;5018;42;5060
95139;11;316;5;321
95141;11;36;0;36
95142;11;2046;17;2063
95144;11;76;1;77
95149;11;3241;54;3295
95150;11;582;15;597
95151;11;299;5;304
95154;11;305;3;308
95157;11;124;4;128
95166;11;465;7;472
95169;11;498;3;501
95170;11;548;1;549
95176;11;25406;214;25620
95177;11;1333;14;1347
95181;11;288;3;291
95183;11;6709;111;6820
95197;11;22149;187;22336
95199;11;15504;194;15698
95203;11;25335;318;25653
95205;11;7125;44;7169
95210;11;11470;158;11628
95211;11;2418;24;2442
95212;11;109;0;109
95213;11;616;15;631
95214;11;70;0;70
95218;11;18296;120;18416
95219;11;28939;244;29183
95229;11;9656;56;9712
95241;11;2007;16;2023
95250;11;9791;61;9852
95252;11;37394;170;37564
95253;11;520;11;531
95254;11;558;7;565
95256;11;3342;44;3386
95257;11;4701;41;4742
95258;11;349;8;357
95268;11;43239;94;43333
95270;11;541;19;560
95271;11;519;9;528
95277;11;26106;122;26228
95280;11;31068;143;31211
95282;11;160;1;161
95287;11;694;12;706
95288;11;8509;52;8561
95295;11;142;3;145
95298;11;561;7;568
95301;11;286;6;292
95303;11;206;1;207
95304;11;281;2;283
95306;11;31314;231;31545
95308;11;576;12;588
95309;11;207;3;210
95313;11;12063;216;12279
95316;11;271;2;273
95323;11;16741;132;16873
95328;11;643;7;650
95331;11;190;3;193
95341;11;383;9;392
95348;11;550;6;556
95351;11;11037;83;11120
95352;11;4733;79;4812
95353;11;1834;17;1851
95355;11;5846;58;5904
95365;11;707;8;715
95369;11;2846;50;2896
95370;11;3446;52;3498
95371;11;5663;43;5706
95379;11;188;2;190
95387;11;62;0;62
95388;11;5902;53;5955
95392;11;5168;53;5221
95394;11;9865;97;9962
95395;11;898;9;907
95409;11;1287;3;1290
95422;11;347;3;350
95424;11;21528;110;21638
95426;11;2937;75;3012
95427;11;14523;65;14588
95428;11;21723;252;21975
95429;11;406;10;416
95430;11;3633;35;3668
95436;11;1629;9;1638
95438;11;121;2;123
95445;11;747;4;751
95446;11;1803;31;1834
95447;11;220;4;224
95450;11;2043;28;2071
95452;11;863;7;870
95456;11;653;4;657
95459;11;699;15;714
95462;11;323;8;331
95476;11;17446;239;17685
95480;11;5589;112;5701
95483;11;533;4;537
95487;11;13734;54;13788
95488;11;9423;39;9462
95489;11;671;69;740
95491;11;8514;75;8589
95492;11;74;0;74
95493;11;128;1;129
95500;11;32405;486;32891
95504;11;3923;51;3974
95509;11;3563;32;3595
95510;11;583;11;594
95523;11;479;37;516
95527;11;2833;26;2859
95529;11;866;8;874
95535;11;1104;26;1130
95539;11;15043;78;15121
95541;11;1001;13;1014
95543;11;240;1;241
95554;11;896;19;915
95555;11;20895;166;21061
95563;11;16130;174;16304
95566;11;2697;24;2721
95572;11;24674;115;24789
95574;11;7036;107;7143
95580;11;2379;104;2483
95582;11;26565;336;26901
95584;11;663;7;670
95585;11;59196;252;59448
95592;11;1290;14;1304
95594;11;1025;14;1039
95598;11;18033;161;18194
95604;11;4213;25;4238
95607;11;26872;190;27062
95610;11;300;7;307
95611;11;50;0;50
95612;11;4567;21;4588
95625;11;1339;12;1351
95627;11;598;13;611
95628;11;1213;25;1238
95633;11;98;0;98
95637;11;16456;219;16675
95641;11;2699;22;2721
95651;11;884;19;903
95652;11;5194;73;5267
95656;11;379;6;385
95658;11;1083;22;1105
95660;11;775;8;783
95675;11;1506;14;1520
95676;11;490;10;500
95678;11;861;11;872
95680;11;28423;117;28540
95682;11;189;3;192
95690;11;330;7;337
971101;1;53514;513;54027
971102;1;4001;64;4065
971103;1;30837;498;31335
971104;1;5203;92;5295
971105;1;9861;244;10105
971106;1;6847;111;6958
971107;1;17741;173;17914
971108;1;3298;43;3341
971109;1;7760;185;7945
971110;1;1419;34;1453
971111;1;3998;65;4063
971112;1;4870;132;5002
971113;1;26489;344;26833
971114;1;7621;138;7759
971115;1;16354;297;16651
971116;1;16495;197;16692
971117;1;22149;274;22423
971118;1;24753;421;25174
971119;1;8203;123;8326
971120;1;15181;108;15289
971121;1;6031;144;6175
971122;1;5618;70;5688
971124;1;10466;265;10731
971125;1;11689;160;11849
971126;1;2397;54;2451
971127;1;32489;592;33081
971128;1;24151;269;24420
971129;1;17985;294;18279
971130;1;975;24;999
971131;1;1519;51;1570
971132;1;7862;148;8010
971133;1;1842;31;1873
971134;1;7110;190;7300
972201;2;1756;31;1787
972202;2;3494;53;3547
972203;2;2823;42;2865
972204;2;3461;47;3508
972205;2;4455;68;4523
972206;2;5511;74;5585
972207;2;17655;287;17942
972208;2;680;12;692
972209;2;76512;898;77410
972210;2;15980;210;16190
972211;2;610;11;621
972212;2;9689;88;9777
972213;2;40095;590;40685
972214;2;6768;76;6844
972215;2;1050;8;1058
972216;2;3117;49;3166
972217;2;8751;145;8896
972218;2;4795;53;4848
972219;2;1203;23;1226
972220;2;11877;143;12020
972221;2;11874;237;12111
972222;2;21913;183;22096
972223;2;9890;97;9987
972224;2;15883;249;16132
972225;2;4121;55;4176
972226;2;4444;59;4503
972227;2;9487;204;9691
972228;2;15487;165;15652
972229;2;19612;218;19830
972230;2;12025;152;12177
972231;2;7242;123;7365
972232;2;8619;96;8715
972233;2;1816;26;1842
972234;2;1813;126;1939
973301;3;854;26;880
973302;3;65493;385;65878
973303;3;1748;20;1768
973304;3;24903;245;25148
973305;3;16219;186;16405
973306;3;11675;170;11845
973307;3;33458;238;33696
973308;3;4245;90;4335
973309;3;26358;381;26739
973310;3;3458;54;3512
973311;3;47621;342;47963
973312;3;2875;44;2919
973313;3;2957;19;2976
973314;3;242;1;243
973352;3;152;7;159
973353;3;11842;125;11967
973356;3;1864;24;1888
973357;3;8779;5;8784
973358;3;247;1;248
973360;3;9482;15;9497
973361;3;1449;12;1461
973362;3;5757;17;5774
974401;4;11440;210;11650
974402;4;13057;203;13260
974403;4;6927;65;6992
974404;4;14059;199;14258
974405;4;12395;123;12518
974406;4;6626;99;6725
974407;4;32977;258;33235
974408;4;32985;420;33405
974409;4;56902;464;57366
974410;4;37036;249;37285
974411;4;153810;1492;155302
974412;4;37918;507;38425
974413;4;34586;476;35062
974414;4;53120;573;53693
974415;4;103208;1348;104556
974416;4;84982;896;85878
974417;4;5198;66;5264
974418;4;34061;450;34511
974419;4;6345;77;6422
974420;4;24065;227;24292
974421;4;7136;73;7209
974422;4;79824;1009;80833
974423;4;7015;91;7106
974424;4;5538;85;5623
